300656 0.24995082913931996
603269 0.14289699280269347
002873 0.09062717501388869
300653 0.06978372770767752
300140 0.0230062756126617
601088 0.021698642439942635
002443 0.02043333759072572
002805 0.019212222570131297
600139 0.01763817893841483
603058 0.017457700164290657
601898 0.016561591315473863
603060 0.01650848838492891
002323 0.01601530333232766
002802 0.015552643598712558
603098 0.015024721574482472
002296 0.014708656528847326
600011 0.014672279058432375
000617 0.014624630192104962
300475 0.014181047258627693
603717 0.013898241537752291
300548 0.013514431424107054
600095 0.013486779247751048
600027 0.013473904786835732
603337 0.013416543943167795
603726 0.013299123131426458
002806 0.013265673664135896
603928 0.013073588553213797
002836 0.013018063812903451
601866 0.013015238221885042
603738 0.012897402703745868
603389 0.012839126389807777
300576 0.012835542735963745
300603 0.012810834574584448
600610 0.012724069717041158
603028 0.012480428157573857
300588 0.012405866308076408
002860 0.012275823965321729
002451 0.012272152569237695
002847 0.012251992333665687
002835 0.012064851326522274
300288 0.011919699417579392
603628 0.011860917990304328
603690 0.011819835908693893
603977 0.01181082899189233
000415 0.011778028411101872
300503 0.01173015542051639
300611 0.011701019937374919
603838 0.011676733347614944
600694 0.011671289643876795
000959 0.011603060516056864
603029 0.011542993243877376
603668 0.01148587904056571
002282 0.011475663330523416
603615 0.01130182285193959
000043 0.011148616383736603
603139 0.010932084936485684
002845 0.010889949821183872
601101 0.010871788851694512
000721 0.010831909113041596
002293 0.010786372547851397
002799 0.010782975690778651
603133 0.010662826050875903
002782 0.010646959582800616
603859 0.010603266982989737
002749 0.010388200305045914
600104 0.010385290594229922
603797 0.010347397916385686
002300 0.010275098263431452
300076 0.010273393898135167
601288 0.01024182452210517
002810 0.010210027282692465
600604 0.010169421703939896
600696 0.010129703172381389
002224 0.010062377436953629
300535 0.00993553190001129
000690 0.009857988551074686
603138 0.00980257093760663
600603 0.009792893169664184
601020 0.009789841497538981
300300 0.009713643139883888
002740 0.009687418777424161
603336 0.009621255162760538
002360 0.009615627945883666
300619 0.009606069632677466
600939 0.0095933560572847
603166 0.009569845993554446
300592 0.00955827740600273
002862 0.009537958684073663
300599 0.009525720013258495
002768 0.009509307073332684
300351 0.009489996679856732
002552 0.009482560391720693
002813 0.009469382155749476
002016 0.009463332685343042
300103 0.009457547189076649
002811 0.009457519703822278
300539 0.009447121514886957
300597 0.009392046982562833
600362 0.009391359024029244
603178 0.009343647356499165
000593 0.009338917318317616
600265 0.009290464528002572
601006 0.009275084950641657
300398 0.00927143715503525
300254 0.009264221277417604
601116 0.00920596708510286
000096 0.009202724320186364
300566 0.009191460676329128
000058 0.009098559285777371
300489 0.009078653518632985
300565 0.00904875750064354
600306 0.009042276210285407
002631 0.009028468903507484
000893 0.008978972545368094
600729 0.008978472054170203
603090 0.008896926693727799
002826 0.00889687918808641
002265 0.008883853244772864
300542 0.008859282561461066
000898 0.008849535815035526
300445 0.008793351680337772
300605 0.008780830346929903
300606 0.008759272012278932
300446 0.008742633351575815
002011 0.00873782167949142
600629 0.00872705348791863
002046 0.008694136452393737
000055 0.00869179994139156
000519 0.008681469026445584
603225 0.008678787710864779
002553 0.008675779456546994
300645 0.008666825035325646
002055 0.008660976503886466
002468 0.008654093132631243
603861 0.00857903750126481
603023 0.008569276102078837
603227 0.008545803512451095
300231 0.00853702359689617
300640 0.008523709882982502
002824 0.00851676448142019
603360 0.008512082694618906
300150 0.008508163665567932
300381 0.008499942526456408
002818 0.008472502038787159
002388 0.008472097315547092
603803 0.008468618729700386
600367 0.008438362681842072
300593 0.008433933858712073
300563 0.008406486796401937
300402 0.00839965640275407
300618 0.008397482269716828
002246 0.008337291429309541
002395 0.008337115310699554
300363 0.008303302994371991
300517 0.008266337780092748
002120 0.008252096907890272
603007 0.008182252109319858
300637 0.008169281447837842
603232 0.008127551828986014
002014 0.008094487891644
300571 0.008022843576336968
002524 0.008021492666529196
002861 0.008017498881395259
600072 0.00799969772806818
603111 0.007990090150173752
002594 0.00796931226855145
603322 0.007966917953362114
002780 0.007939710687946558
600148 0.007927927985478875
300404 0.00791923769150618
300627 0.007894125929887223
002735 0.007873029327782161
603881 0.007860944712288638
600188 0.007823569900654232
002758 0.007791880089833588
300633 0.007788643374630573
300484 0.007779150145550138
002774 0.0077778781921959885
600865 0.0077725058472523
002837 0.007763468810081447
601012 0.007754619466879836
601366 0.007753986374991062
002741 0.007742176935177479
300621 0.007738496651751288
600115 0.00772085344602357
600697 0.00771467387661306
603908 0.007711499717670418
300648 0.00770939972716298
002406 0.0076934791769297985
300244 0.00769209600318072
603997 0.007683931148751344
002852 0.0076748880073887
300635 0.007650709693088507
000679 0.007625220104984327
603823 0.007621862405027347
002588 0.007608873588545296
000019 0.007607349392867743
300052 0.007581202204108984
300567 0.007575932867779781
002361 0.007573200257602582
002587 0.00756819246412215
603330 0.007565370540560173
600843 0.007557668691927305
002808 0.00752975611401596
603959 0.007495698874857569
300536 0.007478362971164365
603638 0.007471008194511677
300595 0.007468996247105437
600829 0.007467616198562137
300225 0.007467092890286351
603586 0.007457110795108022
000561 0.007431779948428889
601727 0.007429554048745216
002842 0.0074257985993154575
300420 0.00742223450107613
300352 0.007415221313694547
600511 0.007411443192951317
000692 0.007388159546228361
600875 0.007372606506269608
600230 0.007354663921426101
002428 0.007345976228930124
300044 0.007343244872853193
603811 0.007338568249352898
600370 0.007335334660581226
601390 0.007313001711890558
000633 0.007311091600920071
300596 0.007305795014815731
601988 0.007299664948267661
600167 0.007290968048074184
300223 0.007266049583910061
603288 0.007257500668034213
002748 0.007255304028077314
300578 0.007253809880454714
000777 0.007252696713235031
600221 0.0072520192479061055
000731 0.007219301477155051
601238 0.007211782166117673
600386 0.007189148898225172
002611 0.007169423494402626
601212 0.007162235338310749
300632 0.007162056667622199
600236 0.007139642820424548
300506 0.007130416138888545
600681 0.007121514462748784
603067 0.007108022986725948
002272 0.007099589699234908
000957 0.007071515222751736
300428 0.007064309125963215
002167 0.0070627870775218735
000666 0.007062313045810417
601669 0.007052636233778742
300538 0.0070469466031327106
002267 0.007041902364510582
603787 0.007033868094458056
603768 0.0070206499959660894
300412 0.007012142384337153
002751 0.006952021111009425
601858 0.006938536600328789
000501 0.006920953805625031
300480 0.006899890903000467
603989 0.0068784859373441365
601113 0.006877072104359177
603630 0.006864709279467885
601127 0.00686021574568574
600619 0.006844692261468541
002728 0.0068264205511290674
002116 0.00682304240345666
300505 0.006818345723962371
600714 0.006801197672199789
601011 0.006750177770494784
600395 0.006727523067909812
000635 0.006726530222876946
600828 0.006720781860918934
002855 0.006714197042193348
603177 0.006711797497667827
300650 0.006699224065805852
300530 0.00669640072159324
300589 0.006691604227980515
600438 0.006687340783319439
603037 0.006681212273751295
002482 0.006681114604809368
300314 0.006661155909624277
601028 0.006655407732365335
000685 0.006641048364746363
000586 0.006637544912143061
000655 0.00663603977323997
002130 0.006631798782209519
600302 0.006629301753276369
300216 0.006616145733698063
300174 0.006613527614937685
000761 0.006592735185348654
603041 0.006572985187162711
601991 0.006567745617757435
000880 0.006549884418367137
000018 0.006546037736351854
002136 0.006542338120570328
002558 0.006535158170022254
300011 0.006519564883180831
300607 0.006514624089674383
002208 0.0065033646682264475
300580 0.006489129797231196
300587 0.006473705649364404
002297 0.0064726175387039425
603677 0.006471191703905315
600545 0.006466611353257816
300395 0.006398567352960077
002819 0.0063835928756001935
600112 0.006380226839897706
603800 0.006374969898001766
002827 0.006371088732079059
300586 0.006353726530340753
300555 0.006340157198846331
300187 0.006338910159631825
002803 0.0063358040273034134
002346 0.006328239898478751
000803 0.006324395574559457
002833 0.006310406631799272
002521 0.006287584673584161
603266 0.006283567052572263
300515 0.0062796123554619155
002190 0.006276341146588321
000833 0.006256246848567961
002796 0.006251939637469612
600977 0.0062480573548798195
601882 0.006234047923247521
002017 0.006233109058994256
600738 0.006233047254330118
603081 0.00620126574261992
600233 0.006200621056292207
300549 0.006194965395600794
300641 0.006185677182537314
300562 0.006162180724519864
000917 0.006145370248739408
300220 0.006136048781376309
000932 0.006126575682160438
300601 0.006089693821197237
000416 0.0060751347757920775
002536 0.006073456014178462
002700 0.006065727428452872
000622 0.006056643275859171
000791 0.006051220391351574
002018 0.006042439233061312
600365 0.006038067559472506
600827 0.006030763737063363
600023 0.006015225397114779
000736 0.00601517299204293
300474 0.005955804598177015
603703 0.005955628423889787
300639 0.005941276779793099
002150 0.005939332302824679
603031 0.005939278052197338
600262 0.005932855106409002
600961 0.005908297446407666
600123 0.0059074154122481706
000797 0.005896786502488299
600213 0.0058960111027481
603186 0.005888314476530933
000811 0.005883640913193981
300508 0.005876824154410603
300552 0.005871192698145974
603777 0.0058587921885886445
603069 0.005845908311026842
002752 0.005833852415484411
002203 0.00582818279957828
600678 0.005804548395981792
600802 0.00580391770747146
603900 0.00579706128210376
600618 0.005791304847519267
000996 0.005783338135290039
300600 0.005771347155126396
603089 0.005761685153595384
600560 0.005759096783841178
300121 0.0057569750520666905
600724 0.005752948845475125
000688 0.005741313640199039
002823 0.005724859616687644
002189 0.005721028837245215
000567 0.005703269939214125
600883 0.005701353276113208
603189 0.0056985996139765835
002857 0.005694595522389996
002815 0.005687124129788909
603388 0.005681693269558837
300620 0.005669962153926634
300452 0.0056629279232033
002776 0.0056566522465617795
600784 0.005647288200707812
600586 0.005641968009761368
603665 0.005640750786064498
600456 0.005634637888326438
600084 0.005619421549880979
300401 0.0056015495137615185
300516 0.005598986084931723
300464 0.005598615418685428
300465 0.005598611352865603
603179 0.0055940016198263425
000717 0.005589500120398879
300379 0.0055860836441640315
603966 0.005582578099647727
600764 0.005549041070134366
300434 0.005546227921686743
300625 0.005520596809599593
002671 0.005515745696700639
000801 0.005502012020481858
600730 0.0054846686320585095
000025 0.005482360758074461
002707 0.0054608789009554706
002179 0.005453852838512024
002678 0.0054502526214655275
300323 0.00542417614879751
300626 0.005422493891813396
000708 0.00541501489263556
600744 0.005403102270903437
603456 0.005397989325892543
600661 0.005397807358202592
300153 0.005396065135048691
300493 0.0053950562314067415
002221 0.005379203740209299
600822 0.00537681932941308
002101 0.005372022773059832
603817 0.005363535642253461
600463 0.005363074380764029
300537 0.005348034619968172
000524 0.005347005126158929
603033 0.0053469819145119755
000972 0.005333124438820414
300169 0.0053189428039615485
603199 0.005310747333009446
000831 0.005301509195533068
603577 0.005296588274030947
300547 0.0052965282731011355
603298 0.005288064742410517
600547 0.005286841570984399
300458 0.005284637884176989
000825 0.005274207515827524
300106 0.005270951768730435
300020 0.0052660186418652995
300258 0.0052438829802405554
002250 0.005236137838499024
300211 0.0052302155885148305
600846 0.0052301328408290056
300371 0.005221733971952901
600211 0.00521919531260967
002329 0.005208682108759587
300303 0.005207673893942725
603611 0.00519457789593631
600006 0.005189199742046527
002614 0.005168988068084237
600189 0.005168878788071167
600698 0.005158344594449539
000498 0.00515793648981951
600126 0.005155766628761561
603698 0.005152774810383148
603818 0.005135047321839673
002181 0.005121383453978716
300397 0.00510304183069467
002863 0.005102667500807538
603819 0.0051022961391373
603078 0.005086333336492194
000628 0.005081357873036024
300101 0.005062984490157628
603517 0.0050610701849859024
300251 0.00505998199341267
600677 0.005050440530667496
002828 0.005043510496564421
300488 0.005042907896258794
002314 0.0050375471537180815
600855 0.005029147978839974
000680 0.005024911158739556
002384 0.005018347104708658
002425 0.005012506912822979
002699 0.005006527484578995
300160 0.00500154560178559
000030 0.0050013532931728315
600218 0.004999562060629296
603040 0.004991515276643219
300417 0.004976075296841477
300629 0.004974472862273328
600965 0.004974412912159852
002337 0.004919175912547941
002475 0.004911044884924175
300064 0.004907656350196967
600621 0.004898559254850955
300243 0.004891087213592351
002227 0.004882997329600609
600225 0.0048701321414987946
601633 0.004856970549184242
600595 0.004855135307994198
600500 0.004834845375342688
002480 0.004833543633616667
000963 0.004828466869828194
603538 0.004826632502939798
300455 0.0048188170003392455
000652 0.00481640686366025
603025 0.004815418889124868
300310 0.004802805497969652
300175 0.004795065580889825
600650 0.004793370559651464
002161 0.004779521185187412
002591 0.004770198214522391
300264 0.004759140412222395
600856 0.004754016242774311
600765 0.0047400148096096075
002618 0.004736621955383422
300487 0.004734798762252418
600405 0.004722291459111037
000159 0.0047151683735557354
300573 0.0047117206333965825
000539 0.004691589885765606
300507 0.0046905607016715905
600353 0.004678620039287316
603887 0.004675329807880423
002522 0.004656469253689925
002628 0.004650688277701254
603160 0.004647716486543786
603165 0.004637997044308539
600826 0.004637424704590141
600338 0.004633613134140643
002593 0.0046326511146312505
002318 0.004629054542364739
300210 0.004626690421035711
601857 0.004626144433138506
603519 0.004624120172086171
600408 0.00459518533412959
300584 0.004592832704560982
300378 0.0045898946445834445
000639 0.004589541673340967
000668 0.004588858396875808
002785 0.004585285545832849
002487 0.004582570233071738
000631 0.004581863894769294
600396 0.004573105541917021
002413 0.004571013758649109
603528 0.0045709398536078385
002753 0.004561239150370426
300311 0.0045552211846915415
300638 0.0045482995753204775
603903 0.0045358413438279285
300501 0.004531854103310957
002853 0.0045310324554956715
601700 0.0045296237861635405
002561 0.0045282071194921395
300380 0.004515414615192066
002423 0.004484023054675877
300179 0.004481808210396692
000997 0.004465715545644421
000980 0.004456571702531945
002549 0.004453476178046452
601766 0.004448453542098664
300519 0.0044441470002136215
603311 0.004442408186751694
300036 0.004441582184977651
603839 0.004434575983459145
300234 0.00443296071954667
603228 0.004421956486163923
300099 0.0044190813372255115
000951 0.004418252147875305
603299 0.004414898634249665
601038 0.004405346917942338
300532 0.004402545374228755
603689 0.004400723766725822
603806 0.004391236371532201
600616 0.004386589613860211
002801 0.004374958515164276
600153 0.004373633930602304
601555 0.004371178871509876
300577 0.004365397436183929
002825 0.004364870738391246
600713 0.004362784222928049
002523 0.004351577208366599
000531 0.004345654875448433
600090 0.004341652687982698
002708 0.004329861079859132
600351 0.004328574159715956
600737 0.004328152010940212
603520 0.004326571717988838
300368 0.004320989712535382
000878 0.004315105841427582
002225 0.004306410648064106
000921 0.004300533354505601
300525 0.004292450913968354
300590 0.004281846101361715
000918 0.00427660750651781
300529 0.004276017176210576
002306 0.004275687201495218
002651 0.004258244182969188
002809 0.004256566602870632
300512 0.004252697893801097
600150 0.004250054323164481
600711 0.004248707816980859
300212 0.004239818675327583
002703 0.004233454833725057
002851 0.00423295520752043
000989 0.004230888161219963
300622 0.004216283885187041
002253 0.00421592969153947
000060 0.004212312042848422
600602 0.0042120085312203105
002573 0.004210607803250197
600439 0.004195585722752677
002333 0.004172122648789366
002598 0.0041704092407478695
603618 0.0041652232569912954
300105 0.004164201073354974
603159 0.004148708203169987
002763 0.004145687565226548
300431 0.004144506653003532
000983 0.004137254413607353
002373 0.004135768936418564
002126 0.004133259571288711
002762 0.004112894529472664
600592 0.004111626172452629
002121 0.004106306584245356
002867 0.004105258759546237
600053 0.00408559077343397
002386 0.00406727427924565
002058 0.0040627404729609105
002207 0.00406223362686501
300114 0.0040560386124634355
300277 0.004054885391792426
002484 0.004054841974388055
000638 0.004052051776162056
002166 0.004042773347707723
002364 0.004039625477452924
300237 0.004028183016589375
603929 0.004020189374733979
300375 0.0040142719516939596
002696 0.004012872123826084
002829 0.004009503398976546
002639 0.004009301870819668
000922 0.004002975363693656
603158 0.003999949741816711
002771 0.0039950360062386055
002490 0.003983723003224101
601958 0.00398370248675454
000021 0.003980313966515539
600747 0.003979655534879015
300080 0.0039681047683517
300006 0.003959494289410842
300018 0.00395885997089789
002539 0.0039551578834706586
002248 0.003950689228990235
002205 0.003946830183674617
600110 0.003940492263859674
002714 0.003936555111561834
300463 0.0039303153957112435
600251 0.0039164724260356
600280 0.003910280263400744
603567 0.003908347511165302
600477 0.003907960385312782
002320 0.003905855767051861
002278 0.003897049517232791
300546 0.0038955750206138093
603258 0.00389246462961375
002716 0.0038816649461101693
600833 0.0038803753781116185
600469 0.003878477256478432
601618 0.003874708591739988
002097 0.00387353952141045
600789 0.003872760826812101
603303 0.0038726706898514936
000046 0.0038673841026103436
300419 0.00386670146575736
002747 0.003865536328528844
600385 0.0038538139389272374
002557 0.0038527985763798407
000657 0.0038463532172923077
600685 0.0038362596334954643
600064 0.003831178270080164
601699 0.003827857618842046
002695 0.003824321435193184
002163 0.0038170500049065532
600613 0.0038161394347985215
600182 0.003811615437056789
002817 0.0038114723450643293
002369 0.003802319320432875
603808 0.0037931179642525046
002288 0.0037910477729656937
600816 0.0037784429517147278
002767 0.0037746630364607243
000782 0.0037704276894742848
000407 0.0037648819710520386
600505 0.003763247058032238
600758 0.00375829420586982
601515 0.00375127376986221
600526 0.0037303355364584206
600897 0.0037255248763088753
000691 0.003725406271821793
002258 0.0037253705787330966
600403 0.00372535806228309
000020 0.003723518321870973
600836 0.0037215200659839517
000912 0.003718923548089361
600768 0.0037165598151389645
600392 0.0037110570737315367
600860 0.0037010111494741576
600783 0.0036934501923048136
002374 0.0036931289399761095
300327 0.0036879483541185695
300636 0.003686084089820187
002404 0.003678240653187939
300275 0.0036740335147720116
601188 0.0036695464814311945
600900 0.0036680447635464904
300015 0.003666586778117242
603822 0.0036661441324214294
002209 0.0036637496242003294
300591 0.0036632450310807117
002841 0.0036533278240120457
601158 0.003651158298012344
000670 0.0036504440199657314
002583 0.00364704807236629
002800 0.0036448921039735644
300139 0.003643159155692537
603600 0.003642697682477115
002590 0.0036379036371132593
603308 0.0036307123903727753
000048 0.003622755923866414
603318 0.0036214687273537546
603716 0.00361922778709421
000758 0.0036164024687342766
300136 0.0036099007172847256
300112 0.003609206808375483
002127 0.003603529469564326
600328 0.0036005441149412638
601500 0.003600241651092212
300008 0.0035904169910738037
300356 0.0035878679884906537
300391 0.0035854620875459525
002540 0.0035650906708212197
300295 0.0035621080164350716
603203 0.0035566049856799887
603555 0.003540881465511873
300034 0.0035343461705753653
600821 0.0035329206751363324
002453 0.0035233818918917834
603588 0.003512120769635023
601231 0.0035089491264181944
002249 0.0035075366885169348
600466 0.0035024882155493715
600345 0.003500377404318961
600083 0.0034980499542089354
002088 0.003491922269731225
002057 0.0034843765941788406
002235 0.0034830820709046886
600380 0.003478488268343285
300353 0.0034320734961038376
000968 0.0034285320923544953
000987 0.003423733169650587
300027 0.0034207011628227396
002062 0.0034132682016923908
600876 0.0034057050755449386
000780 0.0034049087459771324
300572 0.0034005046375205263
300206 0.003396651935396738
300511 0.003383788580709665
300028 0.003383330634347235
002118 0.003381246697902766
000558 0.0033742923853583313
000417 0.003371083463432418
002843 0.0033584887698466428
603660 0.0033375281859924603
600391 0.003328653999452558
300081 0.003315969906739902
000672 0.00330535900074295
300241 0.0032987217522087876
000788 0.003288641347648504
002024 0.0032819782419430815
600048 0.0032809108631314202
600615 0.003279999528670219
000789 0.003261100354901472
600281 0.0032531192939537264
600257 0.003251146647155782
600630 0.0032503800797579214
600612 0.003250081748926364
600640 0.0032382303418910935
300399 0.0032356516595000266
000042 0.0032258367307305743
002563 0.0032198250129784455
000819 0.0032175230558355045
603319 0.0032158287910921037
600399 0.003202891232652794
300447 0.0032020759851493705
600303 0.0031987732841447635
002520 0.003190806760977466
603606 0.003182938579230377
603421 0.003176591284938206
002786 0.00317488462314121
300554 0.003171029146228037
000715 0.003167923963179697
002378 0.0031655872125946494
603167 0.0031618851748085545
600665 0.00315488986657189
300443 0.0031500282154483163
600982 0.0031315992229778798
600571 0.0031257536550479224
600985 0.0031255721366487636
300513 0.0031167542270470697
600446 0.003115047837804013
600628 0.0031122187555024
600797 0.0031022590598985492
600877 0.003095853779561654
600348 0.003078193829023867
601800 0.0030767255738348067
600329 0.0030498858590677635
300249 0.003047228498186597
603315 0.0030458825036827914
002215 0.0030442385762348683
002722 0.0030408953499182663
600133 0.0030394967638939924
600483 0.003016462950879893
000150 0.003013814568738806
002274 0.0030105968105360037
000488 0.003007519687977196
600195 0.0030032067726995307
300615 0.0029977284203227556
600573 0.0029895246859557873
300497 0.002987295163586175
600639 0.00298533359372166
002452 0.002980944023242043
600760 0.002971403236839738
603001 0.0029692595971991635
002357 0.002966466849886879
601881 0.0029627573278182516
603018 0.002950693809111702
300387 0.002942207641944047
600378 0.0029387369483875204
002192 0.0029327287863052005
300374 0.002923313971819181
002495 0.0029206964467806545
300623 0.00291778220194412
002204 0.0029120908580066093
603788 0.0029017957587601836
002719 0.002900666876676566
300528 0.002891753988304097
600804 0.002888127067179242
300316 0.002885493589020807
300078 0.002882309276822705
603039 0.002877628991825051
000626 0.0028772145023441362
600857 0.002871110637814832
002292 0.0028653311777937507
002532 0.002862926669908285
000910 0.0028530631146863883
002401 0.002852557427465272
600862 0.00284184346258547
600171 0.0028377392946900195
600409 0.0028303437401972133
600131 0.0028262511805037405
000930 0.0028215542641681097
002026 0.002821245240705334
002421 0.0028169195912770614
000049 0.002815214653658426
002529 0.0028079075550397486
000068 0.002801996617110997
000815 0.0027997413781604627
600605 0.0027940336012187567
603858 0.0027935771850078495
000757 0.002793033907458123
600778 0.0027689864667803255
002725 0.0027587327271159975
600688 0.002757872964900517
300427 0.0027576492118777714
002317 0.0027569052391243788
300358 0.0027552818611254037
603708 0.002747759153900053
600339 0.002741270334795905
002186 0.0027348680496817636
601015 0.0027199202652412584
600549 0.0027131056961407756
000859 0.002712382169322994
603358 0.002703071935003824
600486 0.0027022832003498875
300553 0.002698950298930759
300385 0.0026983440210896787
600128 0.002695031197276052
300047 0.0026921814082917477
603035 0.002690419097346417
000700 0.0026789624097323383
600987 0.0026607833795447133
002515 0.0026594202183985623
002698 0.0026524447680282715
300066 0.0026489693058162084
002276 0.0026465652702620315
000712 0.002640762330865607
600269 0.002639703162362105
601689 0.002639249515635449
002394 0.0026159301532285607
002526 0.0026145580439392475
002379 0.0026128217234606694
002488 0.0026041548458503577
603558 0.0025863710416281476
600858 0.0025855161499591193
600805 0.0025715089711455946
600382 0.002570895763372001
000998 0.00256854911544639
300570 0.0025578731082280416
600346 0.002553019615823271
600996 0.00255167192652595
300045 0.002549789874785798
002139 0.0025485205139247624
600069 0.002546393101427678
000906 0.002543250788270319
002603 0.0025398930543659368
300120 0.002535799324336131
002726 0.002525046574948583
600322 0.0025237385452160366
300181 0.0025180642982961434
300276 0.0025163253644819184
002084 0.002514035342523112
002711 0.0025102813112553874
600739 0.0025062202060096572
600575 0.0025052809165351762
002287 0.0024982238243125322
603906 0.002498156801858411
601168 0.0024956857078652413
600741 0.0024928932013955785
300585 0.0024869560684708837
600701 0.00248221673327083
002507 0.0024818214086825777
002471 0.002480215720988707
600021 0.0024794832204231114
002798 0.0024794517461770946
300359 0.002474143681099288
002266 0.002465793361773926
002066 0.002459212290639735
000560 0.0024551589484408127
600106 0.002451237426372141
600818 0.0024474987979366623
000012 0.002438059899069079
600679 0.002432873103913
600130 0.0024261353685256885
002498 0.0024239383995365675
600693 0.002422578726124147
000632 0.0024179887956682997
600675 0.0024174699063304796
603737 0.0024147464125455122
601666 0.0024131732390140683
300204 0.0024124209799503676
000927 0.002412042957493119
600278 0.002404607183243042
601611 0.0023999673302605024
002349 0.0023965055389546415
600368 0.002396101228669994
300283 0.0023948119764940178
000510 0.002386153319160589
600984 0.0023791438867507026
300123 0.002378233201538859
000596 0.002375267520095592
600369 0.0023628924418096376
600814 0.0023589472892573266
002449 0.002350980927290554
002079 0.0023467465039658814
002197 0.0023433317083151207
000751 0.0023430244541958137
600209 0.002341176628954054
600222 0.0023333371689789172
600111 0.002332930815727873
600390 0.0023316354361663533
600127 0.0023310449183072696
300127 0.0023258810008307765
300429 0.0023251926736148985
002556 0.002315583907856914
300270 0.0023132553327966047
603088 0.002313254650803079
002534 0.002306766984661625
600637 0.0023059277508495
000861 0.0023002311359223548
002214 0.0022972827050223316
600557 0.0022954907650452033
601177 0.002288718194325041
300561 0.0022838753675445446
300304 0.002275975989268505
600237 0.0022753016457254596
603991 0.002270613049770486
002444 0.002267648233337133
600886 0.0022659337748628227
600680 0.0022301785547221304
600420 0.0022244981594841257
603309 0.002220938917945751
300617 0.002219837691927228
601918 0.002219088024349329
000812 0.002217875529757045
000582 0.0022144297312615985
300255 0.0022126181931662724
002731 0.0022083351135709344
002866 0.002203381281175259
000753 0.0021986264541805686
000532 0.002198287015679451
000555 0.0021973730633725944
002668 0.002197184947500293
002481 0.0021949443440029675
600763 0.0021917763397259794
000516 0.0021903805275090647
600722 0.002180277467216078
600558 0.0021775611109611393
600967 0.0021735181295512926
600830 0.002172012177956966
600649 0.002171849673110543
603883 0.0021577771790578983
600180 0.002156468391539575
002612 0.0021545110931291446
000411 0.0021520396365812527
600495 0.002143790249386209
603678 0.002135353087292043
300165 0.002129984966612472
300389 0.0021132019744226054
600159 0.002109834032841495
600193 0.002107478246707378
600626 0.002100829257732603
600620 0.0020903748613066413
002645 0.002089796898792384
600651 0.0020890187484322066
002470 0.002080001379425286
002408 0.0020788834698111
600981 0.002078703849663693
600869 0.002072832509199105
300171 0.0020726093996898173
002672 0.002071982328803606
002770 0.002069954528640795
000966 0.0020692960743552077
600811 0.002069104226229454
601811 0.0020608865156090117
002322 0.0020561603110061926
600075 0.002054585757952922
300042 0.002053480872322957
300355 0.002052230829322531
603026 0.0020504940353692613
300560 0.002049196237364657
000759 0.002045611495899517
000505 0.0020363225601580624
300346 0.002025751765161331
600597 0.002024370470255476
600531 0.0020215346179995163
000969 0.002020298053521547
300631 0.002020276366218706
000936 0.0020171241000179283
002308 0.0020164320656839794
000818 0.002012956449057069
300575 0.002009369405282171
600506 0.002009047361748237
600360 0.002008494332355674
600423 0.002004084332274012
300132 0.0019941245440899345
002328 0.0019937815239827635
603416 0.001992363002671955
300521 0.001983563265095899
002111 0.0019825454905523527
000551 0.001979937179488982
002019 0.001979778609473258
000429 0.001979006402873707
600647 0.0019677243542310357
600755 0.0019594565920530056
002291 0.0019580247325318885
002789 0.0019519261221483553
600300 0.0019501096108713641
000798 0.0019408792482304375
300610 0.0019365761657821716
300642 0.0019356659477424952
600831 0.0019303314552158706
603993 0.001927924130101611
300178 0.0019269967494117187
002164 0.0019190646210415323
600715 0.0019179062447687665
601677 0.0019130089108015183
603012 0.0019123564798057668
002332 0.0019101458764995052
002840 0.0019093201340890636
300056 0.0019083603326303395
002398 0.00190599535184084
002096 0.001905483093789356
002324 0.0019015605374112215
002238 0.0018987331217468935
600333 0.0018977017762471914
000738 0.001892258496502158
002038 0.0018917287897329532
002269 0.0018843729079884054
600530 0.0018831063126528332
002688 0.0018809836003184852
600421 0.001880199035285253
300527 0.0018707451377067887
603568 0.0018651327171030612
002108 0.0018639110879454957
002172 0.0018565327889506298
000637 0.0018562481118201708
603218 0.0018536895715193184
300551 0.001851711438927683
000739 0.0018413275074871671
300435 0.001834069863978478
600695 0.0018273462804806427
601313 0.0018238817815361772
002045 0.0018229521049983929
300403 0.0018199100838400036
603990 0.00181955465498569
603338 0.001816691588928488
002690 0.0018142147718791628
002560 0.0018100449682885624
600156 0.0018092997532508856
600275 0.0018082378064373707
600801 0.001805249354708438
000933 0.0017998995957408757
002657 0.0017993858040572606
603017 0.0017864198008874267
002760 0.0017773331961595112
603038 0.0017685999490762421
002119 0.0017542894766628073
002580 0.001753106459787478
300598 0.0017513604488202349
300242 0.0017433618899785133
600116 0.0017413202394399602
603969 0.0017382163331786642
600229 0.001734141980366196
300406 0.00173076418587601
601226 0.0017220409915901652
000426 0.0017191065145667189
300456 0.0017186749165535378
600197 0.00171720244899283
002793 0.0017134751233558853
600642 0.0017040371603012864
002132 0.0016972676177336669
000045 0.001689937825723395
002448 0.001685430056390538
002629 0.0016784288777992682
300321 0.0016750699037808969
601179 0.0016682842939685482
000899 0.0016648821807321353
600331 0.0016626149479192307
002454 0.0016606768958219807
600488 0.0016575176639945302
002538 0.0016474849154658432
600978 0.001645595242112623
300569 0.0016443490776451696
300307 0.0016414829189555363
603609 0.0016412561394718687
600501 0.0016367091728442407
002516 0.0016347727717743992
603085 0.001631376114822107
002849 0.0016303283462299357
300232 0.0016290140883338036
601908 0.0016216674943239744
002717 0.001617774818377743
002226 0.0016137848540176917
000829 0.0015881533866260438
603355 0.0015871076954370403
002491 0.0015863617786474726
300005 0.0015712335539128895
300386 0.001558897751278411
300329 0.0015547602138262246
600746 0.0015532246621048178
600082 0.0015503111400446065
000543 0.0015461641088733487
600817 0.0015351806984667728
600538 0.0015328618330784794
601600 0.001513626876018269
600936 0.0015046545673519807
002245 0.0015045978077253969
002469 0.0015036790773705518
601678 0.001498080798182531
603886 0.0014944688464110078
002397 0.0014889328648731038
600487 0.001487638311219881
600105 0.001472190132599938
000669 0.0014702143362380436
000564 0.0014696228647993678
000525 0.0014610232286987965
603369 0.0014571204893635264
600178 0.0014523163855552617
002411 0.0014522519394786788
300131 0.001438813322134025
000627 0.001437574233119408
603701 0.001418023692568252
300122 0.0014009240649708894
600149 0.0013935200268478734
600800 0.0013839522304184351
000419 0.0013829556360204377
002755 0.0013807337337666727
600316 0.0013798183626430906
002156 0.0013778903010279748
000970 0.0013743650455620687
603878 0.0013597497787610647
000620 0.0013542526865217511
603986 0.001343272782657912
000070 0.0013397572636210768
600510 0.0013351813153223962
000410 0.0013260254869941115
000795 0.0013218675986936181
002775 0.0013184789151373996
603828 0.0013163630814495477
002632 0.001312422972315692
600582 0.0013103172474190992
000430 0.0012972689252717558
002607 0.00129623410367391
600151 0.0012952876678969348
300394 0.0012945837128342606
300581 0.0012909317446737015
600232 0.0012887149648306822
300058 0.0012829215383424655
002769 0.0012792164990852155
300317 0.0012785259330852627
002336 0.0012747993685882659
601985 0.0012731136862690288
300094 0.0012729569959514745
000909 0.0012700896854472878
600026 0.001268953808699019
000554 0.0012631304965171775
300079 0.001261448365699764
000810 0.001256588580850912
300499 0.0012550840578397938
603789 0.0012543249337387038
002107 0.0012543109454592714
600868 0.0012531254006592062
300293 0.0012512099955576481
002199 0.0012486568075960082
300113 0.0012479907452991133
300609 0.00124731831371846
000338 0.0012435763252625718
600532 0.001243329721600659
002405 0.0012410917840444732
603639 0.001236993418252362
002554 0.0012326394388435438
300013 0.001228368786244322
002858 0.0012082219890757369
002315 0.0012056017608968479
603718 0.001203547855532441
000581 0.0011987137137635523
600326 0.0011976575026276005
300494 0.0011928056669992197
600125 0.0011838669299859515
600668 0.0011832096183506929
000514 0.0011806153619308684
603022 0.001175280742853951
000905 0.001173220895370617
300328 0.0011714271267571161
002459 0.0011692682380477874
002155 0.00115694862035688
002848 0.0011547235750580444
300559 0.001132383121053569
300214 0.001131925500607183
002541 0.0011310105008291438
002036 0.0011302410445966343
002183 0.0011291296126132635
600198 0.0011252549331743113
600371 0.0011251094378913178
300219 0.0011154195812865843
600712 0.0011150944448806883
603826 0.001085420060325101
600975 0.0010806375085588241
600051 0.001080425943940087
002191 0.0010763614165788648
002489 0.0010687840564630423
300582 0.001065770415012728
002455 0.0010588880362779936
601595 0.0010520930964519077
601368 0.0010487601539558456
600569 0.0010453349130632675
600909 0.0010391740130923244
600170 0.0010391290688153594
002133 0.0010332306344570195
600373 0.0010291618339384693
300347 0.001029127217570286
600231 0.001028993252056758
002430 0.0010273221464986732
600774 0.001005280029771835
600248 0.0009971831056012938
600988 0.0009940939898741997
603669 0.0009911980811923692
000967 0.0009905981463902095
002002 0.0009881899503627594
002213 0.0009787693539076922
600101 0.0009779284384876085
000545 0.0009766462801000554
600305 0.0009745250192175706
600249 0.0009719734774273295
002791 0.0009697619955164136
000520 0.0009615477445398899
002788 0.0009594760621460027
002177 0.0009594671205933759
600838 0.0009578868203291412
000923 0.0009569178594578728
600459 0.0009515009391390453
600287 0.000940886316381194
600815 0.000940383860045595
002757 0.0009402506717419695
600191 0.0009378110618466964
300357 0.0009313086313525402
603585 0.0009290556832157234
300608 0.0009280910134334165
300155 0.0009245446888779939
600793 0.000918301678742477
300093 0.000917898262002604
300200 0.0009175948548553105
002461 0.0009085311727898369
600429 0.0008981246268202642
600502 0.0008978968506546982
600517 0.0008944905866799698
000960 0.0008919610939601332
002662 0.0008912620618954838
000850 0.000889057420428687
300280 0.0008848397343000462
002220 0.0008834157385149664
300396 0.000882913168234082
002178 0.000873854708873887
002124 0.0008704743205392787
300247 0.0008698800799702595
300222 0.0008686104707141522
000962 0.0008518264167386852
600361 0.0008451676691248796
002659 0.0008450133055805213
600117 0.0008365747903420328
300460 0.0008345252622501773
601198 0.0008290645790916418
601969 0.0008221726947740555
600601 0.0008122791193676902
600562 0.000810158302115083
600077 0.0007937028213414899
600958 0.0007919149332487885
002422 0.0007897442158042688
000915 0.0007789441888922683
600256 0.0007787665006523427
002330 0.0007759803918430085
002363 0.000768936181079238
300318 0.0007620378437089553
002347 0.0007619720724586516
603385 0.0007584237422060339
002367 0.0007498284743912426
600118 0.0007479838101211514
002441 0.0007467657454160205
600845 0.000744284990370889
300415 0.0007441531745999031
000863 0.0007357483057621565
000026 0.0007294722686886305
603208 0.0007289311744304149
300071 0.0007251831243072267
002103 0.0007247591152596752
300540 0.0007130057194665706
002646 0.0007049545014398435
600578 0.0006917026257589245
002730 0.0006870544668325478
002732 0.0006840398461489487
000702 0.0006817964111324997
600708 0.0006736069331007444
002001 0.0006607086135008884
300483 0.0006543350734913075
002528 0.0006508806244105072
603843 0.0006499115703564127
300354 0.0006483692509436801
600585 0.0006420215195322571
600689 0.0006393592447412454
300405 0.0006312965652295627
002727 0.0006272017097728958
002106 0.0006226892721457548
300239 0.0006221769673977057
000523 0.0006184286969109186
600493 0.0006127176169290604
600513 0.0005979807506290829
600850 0.0005955558951531159
600884 0.000595106192721441
002371 0.0005938415263568361
000792 0.0005910739683429207
002008 0.0005774799281646221
300522 0.0005699836505350196
603798 0.0005544379206606342
600775 0.0005529892230440991
600223 0.0005519789850846907
603656 0.0005493238197083073
600299 0.0005462471609148246
600435 0.0005425623691941456
603508 0.000542281893071794
603002 0.0005293016751386145
002509 0.000512926730894708
600132 0.000512428281617754
002822 0.0005120375777571632
300602 0.0005100720396142861
603877 0.0005082822948067837
002660 0.0005007629308648853
000995 0.0004969153595393971
600848 0.0004948585768568079
300534 0.0004943896476042216
601311 0.0004898098593488723
600633 0.0004893445908636367
600480 0.0004771764597020934
002500 0.00047471397099164286
000619 0.00046970720373080803
300124 0.0004687778358508834
000768 0.00046701941950191145
002640 0.00046263576820817186
000837 0.0004619286988106087
600503 0.0004582801836589944
600059 0.00045750926513804004
300095 0.0004525422253802789
002585 0.00044301893634187024
000975 0.0004377221209087047
603118 0.00043460128178826607
603323 0.00043116640414769987
300272 0.00042852519116236797
000828 0.00042342331725116027
000919 0.0004172997409744028
603008 0.00041478975616348474
002078 0.0004135954238382745
603866 0.00041314662176669334
600743 0.0004022421136486917
600010 0.00040038537357709077
002060 0.00039679198003586894
002211 0.0003951543262885795
002061 0.0003949895333638792
603960 0.00039297333635656025
600879 0.00038089596729708186
600622 0.0003780417429408607
300439 0.0003760941412049839
300545 0.00036915532487028467
000939 0.00036768369550726696
002416 0.0003651559883790182
600796 0.00035792021089108353
300557 0.00035349812527501155
002035 0.00034869262958558446
600809 0.00034091175791363566
000616 0.0003403737160689625
601900 0.0003399210573880578
002465 0.00032800098755057273
002184 0.0003271962499601395
601928 0.00032617345147026647
000971 0.000325303784513873
002041 0.0003102140448203155
600594 0.0002968199788550806
601107 0.00028999509008954816
300436 0.00028281171247444663
002458 0.00028061448793786047
600667 0.00027977125008438533
002439 0.00027643541990786044
603239 0.00027387855776017135
002673 0.0002709578029408948
000418 0.0002567731781516966
601968 0.0002544548400944119
300129 0.0002500238465514785
601965 0.00024986253220462586
002174 0.0002494456459264053
300550 0.00024205022921274487
300068 0.0002223611267534436
601579 0.00021431942525826538
002634 0.00021069340053071935
002715 0.00020679282591622508
601607 0.00020619054083156722
600160 0.00020332708337053758
600761 0.0001938828853468126
002564 0.00019208770731366474
600518 0.00019033302999146677
000722 0.00018294753197473958
300086 0.00017578970297027138
300208 0.00017479478203809122
603999 0.00017177811916410483
601877 0.00016453168048947107
000408 0.00016329350528594515
603101 0.00016170097586266745
000978 0.00015948798519528108
600107 0.00015258100876264398
600271 0.00014909164089031875
600509 0.00014826027475317062
002434 0.0001460130382501465
000993 0.00014119464346756296
000031 0.00013506537759589397
601186 0.00013319047873337243
600966 0.00012990838159815214
002510 0.00012959972147636757
600120 0.0001290985763510808
002157 0.0001205687082578271
600121 0.00011863261219927958
600794 0.00011484356589769144
600270 0.00011419916954176317
002237 0.00010908306881003867
002092 0.00010253821748008006
000868 0.00010167669505186869
603578 9.817468096906361e-05
300233 7.795082720734973e-05
300141 7.68712952694383e-05
600448 7.38732841838851e-05
600563 7.330588380848567e-05
600561 7.000766703491555e-05
002567 6.936210329922844e-05
600037 6.48885471080489e-05
002351 6.126521475799222e-05
600645 5.958168056841018e-05
002615 5.947433687064456e-05
002721 5.4321549600739455e-05
300161 4.456984356300368e-05
603066 3.9563231183786796e-05
603032 3.792931203978195e-05
002706 3.186792814565027e-05
300437 2.8271262742752754e-05
000869 2.0274118483194423e-05
000421 1.751925665495653e-05
600307 1.4311598006426854e-05
002233 5.77826722853933e-06
000900 2.149767764936597e-06
002365 -3.3293030729086154e-06
600276 -7.760392575459005e-06
600091 -1.3081711276516708e-05
300433 -1.9409015670865393e-05
000548 -2.3861440304332945e-05
002648 -2.6025984178265626e-05
603015 -3.0320706935168737e-05
000550 -3.454442598762458e-05
000403 -3.572725195152664e-05
600960 -4.355397017227411e-05
603096 -4.4328438221894265e-05
600854 -4.83087760051442e-05
002574 -5.376589590491698e-05
000903 -5.937620843826305e-05
002705 -5.961322231627306e-05
600787 -6.105892993001592e-05
002105 -6.977388413739911e-05
002565 -7.600077368523535e-05
601890 -8.09303150574002e-05
002152 -8.531227178294916e-05
603778 -9.802406188545894e-05
002697 -0.00010275595211889366
600206 -0.00010935807964215782
601163 -0.00011022928789121596
600359 -0.0001159202925134651
600565 -0.00012199730413797565
600343 -0.00012431604647999625
600363 -0.00012484707615036637
002053 -0.00012772686629656214
600119 -0.000130790357119338
600327 -0.00013281847984290655
000601 -0.00013538352266969159
600867 -0.00013622094159270945
000650 -0.00013920760572437747
600313 -0.00014408146190137729
000718 -0.00015912148108115053
002234 -0.0001608340274358768
300248 -0.00016262504914455085
600108 -0.00016465105114508126
002344 -0.00016476575331926188
600467 -0.0001662372676566118
600358 -0.0001754987051251055
600699 -0.0001755784462629719
603599 -0.00018580106265369753
300390 -0.00019152682779350998
603979 -0.000196241503612693
002095 -0.0002001013610141468
600482 -0.0002007233910056947
600596 -0.00020314699737634598
002151 -0.00021503071751555365
002493 -0.00021646906800014583
000056 -0.00021806766530326795
002327 -0.00022043743074745374
603898 -0.00022692528770291813
600997 -0.00022763688551199687
000877 -0.0002368057366554984
600428 -0.00023772581037833328
600748 -0.0002381894859182828
000713 -0.00025013082005327127
300424 -0.0002550312351673207
600567 -0.000256323286988042
300541 -0.0002624578011528166
002677 -0.0002684337257240193
300286 -0.0002705513179197556
300074 -0.00027128617444257923
300479 -0.00027143907470587175
300558 -0.00027243280144826666
603569 -0.000273608386466586
600397 -0.0002770026443385514
600819 -0.0002807397627647198
002644 -0.00028830005004602116
300326 -0.00028862659719282487
300117 -0.0002887799376248435
600060 -0.00030529667523303966
002354 -0.0003063732703001646
002032 -0.00031038966638124825
300070 -0.00032468964948009944
601997 -0.0003319445508929361
300048 -0.0003324523429226161
002474 -0.000337658778450713
600007 -0.00034059494339458603
002003 -0.0003446104598331251
600548 -0.00034707438337917146
300441 -0.0003484508676150754
603518 -0.0003637861082612017
002216 -0.00037681160970701524
002285 -0.0003768642657250663
300485 -0.0003773637292140853
002251 -0.0003864898230941712
600576 -0.00038705997874773947
000016 -0.00039281578068242444
002419 -0.00039404552080736684
002518 -0.00039428437559623983
002145 -0.000404722192892901
002472 -0.00041394850785590395
002713 -0.0004158007704927035
300162 -0.0004203266307213783
000027 -0.00042707009844130187
002724 -0.00042734799085764573
002201 -0.0004301957102749703
300083 -0.00043040989521100567
002701 -0.0004376205954381082
002674 -0.0004382042380224171
600986 -0.0004391511352512135
601519 -0.0004437922489928473
000008 -0.0004467842065415447
002326 -0.00045340374177750206
300196 -0.0004541416613289377
601002 -0.000456270623958855
601999 -0.00045637155008736857
002228 -0.0004564257959639353
603117 -0.0004576461953705747
000683 -0.0004646939174929466
600523 -0.00046789322749565994
600272 -0.0004688553862143719
603515 -0.00046896860487914173
002483 -0.000470240324211885
601616 -0.00047215206567004404
600352 -0.000481654319627052
002734 -0.00048494036611029627
002613 -0.00048666758811388884
300246 -0.0004900162220992932
600499 -0.000495101392848819
002462 -0.000502325729964892
000587 -0.0005031189271211302
600308 -0.0005032351679379408
002609 -0.0005051903342788173
600889 -0.0005057882278941012
002778 -0.0005075657215770479
600312 -0.0005121283991414791
600058 -0.0005406486450730292
300189 -0.0005411442559044369
601789 -0.0005431124652548573
002153 -0.0005435277953029106
601018 -0.000544234914787162
300184 -0.0005519215693728947
300002 -0.0005615748038955339
603918 -0.0005645163898009928
002176 -0.0005647382347965611
300305 -0.0005650550064515963
603556 -0.0005657989734618764
002353 -0.0005665252304151002
601886 -0.0005672623319553372
002687 -0.0005780874690443864
600310 -0.0005810169376153779
300226 -0.0005841792545100959
000625 -0.0005873099785010036
000826 -0.0005878884764323033
600311 -0.0005896757953420696
300502 -0.0005928338585884183
600872 -0.0006002898502632161
300253 -0.0006029542647971401
300090 -0.0006029997080938421
600350 -0.0006040027107255645
601798 -0.0006067892946162654
000065 -0.0006069948643481326
300097 -0.0006070721003029328
600577 -0.0006076607470250819
603589 -0.0006077934102808949
603663 -0.0006086239393741557
600298 -0.0006177753342792719
000592 -0.0006244663282091792
603099 -0.0006248025493803665
300154 -0.0006384883936032242
600389 -0.000646714765380552
002630 -0.0006503642799709167
601989 -0.0006505195115939777
000090 -0.0006595132781958245
300442 -0.0006613349276150208
600823 -0.0006805727728841134
300336 -0.0006957818702051696
600081 -0.000701522004976465
603637 -0.0007020201230867641
002241 -0.0007027931587868311
600461 -0.0007032470787875604
000735 -0.0007098750298602484
600436 -0.0007127698446280934
600099 -0.000712832502240494
600584 -0.0007148748629412834
000762 -0.0007354212292233053
002627 -0.0007374410574725303
002550 -0.0007374682023618909
600798 -0.0007472434524984136
600161 -0.0007527470867349437
001979 -0.0007554672854138689
300426 -0.000758636082514072
300245 -0.0007589535220120531
601007 -0.0007595722593125281
603188 -0.0007596304463490869
002403 -0.0007630729690805294
300073 -0.0007644178015529402
600479 -0.000764740128443327
600288 -0.0007715866046926825
600880 -0.0007735030441167051
002683 -0.0007757123975442037
600103 -0.0007777623499996122
600519 -0.0007865626298638028
000607 -0.0007975051283234131
300035 -0.0008035077460458815
600455 -0.0008042065049812756
300032 -0.0008100492717312072
601128 -0.000822386256831769
000727 -0.0008224709281674722
000886 -0.0008238451121321821
600662 -0.0008283809108641498
000530 -0.0008329379452606516
002295 -0.0008399354570592776
000665 -0.0008427541521880272
600973 -0.0008428017557488617
000756 -0.0008449096527380125
300520 -0.0008493818787104184
002037 -0.0008499785729876117
002286 -0.0008522849824668995
000882 -0.0008658292651408106
600720 -0.0008665658488613386
603987 -0.000875377749189948
000835 -0.0008754058325112666
601369 -0.0008935658010791846
300579 -0.0008941726129407836
000156 -0.000898014925520078
300069 -0.0008980202258221468
600452 -0.0009066099650229444
600825 -0.0009120074759160594
000807 -0.0009154743177753506
601518 -0.0009304114479984707
300365 -0.0009386853207079496
002202 -0.0009405388473477253
600078 -0.0009467885758221942
600757 -0.0009483869935013375
002081 -0.0009510248456742823
300376 -0.0009593847834306595
300369 -0.0009594768262603387
002170 -0.0009673424523776331
000599 -0.0009682067743398831
000039 -0.0009727238975285688
000636 -0.0009729859388958404
300194 -0.0009748058583730216
600074 -0.000976478231303814
600515 -0.0009773896748890062
300202 -0.000993298670900521
300053 -0.0010008926390093192
603636 -0.0010019902992007643
600056 -0.0010032722590287693
603889 -0.0010054707937686043
002309 -0.0010069343725753856
300407 -0.0010269228273899027
601222 -0.0010291013557708756
600184 -0.0010360963213514544
002839 -0.0010372972048872733
601933 -0.0010442704305703458
600038 -0.0010528178825274202
600098 -0.0010556000981254213
600990 -0.0010562454834031378
000913 -0.0010653434567311233
600295 -0.0010733640984780662
300408 -0.0010749910356451812
600138 -0.0010778011127656143
300332 -0.001091891867836793
600135 -0.0011053902635748984
300482 -0.001108206536001393
601636 -0.001116891364915283
002577 -0.0011250622967448973
600192 -0.001127413204652988
000552 -0.0011620583582155983
600508 -0.0011690117660485538
600217 -0.0011769834927920896
600216 -0.0011979436395554675
002052 -0.0011990358927435416
601966 -0.001225120990345151
300185 -0.0012295003509219804
002313 -0.001235851901561025
600260 -0.00123724864348272
600054 -0.0012382778936867143
002579 -0.0012402157730164107
002050 -0.0012447894286314433
002437 -0.0012458486957403637
000006 -0.001247756311254405
000686 -0.0012548847684266404
600995 -0.0012660409228330196
601126 -0.0012758221864674728
001696 -0.001278308435359356
600162 -0.001280885907306564
600891 -0.001282972371032142
600169 -0.0012860839431304925
002310 -0.001291340879221713
600186 -0.0013035758080146096
000707 -0.0013036864628379972
002440 -0.0013099805568832041
300009 -0.0013108273097359995
601218 -0.001313225800587084
600088 -0.0013170059379453043
600234 -0.0013186772297760132
300075 -0.001319309369634993
002370 -0.001321325794122698
600644 -0.0013221630477411022
000050 -0.0013261609842928988
002623 -0.0013418225712249088
603901 -0.0013519120174976494
000547 -0.0013607092771217993
600376 -0.0013634950617243012
002056 -0.0013761343960749786
600866 -0.0013780787586541495
600692 -0.0013914364258166261
600844 -0.0014012817287191535
300128 -0.0014169751820478985
000677 -0.001419605583699612
601233 -0.0014271195829913532
600398 -0.001436501001512703
000667 -0.0014375002811584754
600012 -0.0014459931689349038
600268 -0.0014475065338921574
600648 -0.0014595547399493996
002503 -0.0014828490695064176
300400 -0.0014852103712034836
002089 -0.0014861959901985777
002750 -0.0014863371447927758
002144 -0.0014911310151353354
600279 -0.0014919072479756493
600894 -0.0015000783305159446
002856 -0.0015044833319438882
000014 -0.0015083229860592476
002456 -0.0015099939882276259
600723 -0.0015122486465317837
000976 -0.001515725859859692
000420 -0.001517933365090823
600235 -0.0015244716769178181
300085 -0.0015308913958281588
600498 -0.0015319733755339796
000876 -0.0015467334961216002
002366 -0.0015546859719414077
000856 -0.001555902897939004
000920 -0.001557398767760931
002527 -0.0015705662493115963
300215 -0.0015723358231812864
002492 -0.0015762538396597104
000589 -0.001580264612356089
002412 -0.001584357303304233
002467 -0.0015896238658664168
600354 -0.0015916630755070087
000926 -0.0016002103221939117
603766 -0.001600801536121266
601098 -0.0016013015038156692
000883 -0.001601692344843265
002652 -0.0016028826024310928
300377 -0.001603497484087989
600750 -0.0016095977161445316
600097 -0.0016111817295093893
002850 -0.0016120534218562934
300285 -0.001615557187313767
600589 -0.001617749341959008
000911 -0.0016209294505022294
300019 -0.0016258455990547354
000786 -0.001629032367044165
002597 -0.0016428006081344263
002653 -0.0016471957721704514
002104 -0.001648058515941712
601588 -0.001652704262328119
002303 -0.0016586963786925837
600004 -0.001660939269703933
000955 -0.001662357377255454
600177 -0.0016682956356398656
600052 -0.0016701175344764358
300067 -0.0016755877940555827
600962 -0.0016850318027121572
000040 -0.0016860482327465433
300330 -0.0016863173208737977
600881 -0.0016896585644392854
002562 -0.0016919232902079008
002091 -0.0016937582164274854
002334 -0.0017052207152806146
600200 -0.0017059304867213312
600199 -0.001707668003701748
603009 -0.0017128067390885246
300299 -0.0017208297057533257
603658 -0.001721933419242581
600336 -0.0017239249406711728
000036 -0.0017240833928794715
002682 -0.0017266922729426062
601003 -0.0017282413892424266
600718 -0.001730951954621222
600187 -0.0017316629789172911
000585 -0.0017336808335028774
000726 -0.0017345440933099884
300177 -0.001736993334704423
603920 -0.0017414959569509673
300182 -0.001753610938828319
000537 -0.0017625374352070386
600917 -0.0017861837084862508
002655 -0.0017871347476150056
300382 -0.0017911998704095433
002093 -0.0017913090507920264
002087 -0.0017928193965109553
600587 -0.0017967399402072422
002537 -0.0018046362931842634
600031 -0.0018128741545830954
002100 -0.0018151918692509046
002667 -0.0018186669848396387
300098 -0.0018186683815419507
002756 -0.0018187724688836417
600624 -0.0018224893249118735
600863 -0.001824625872532848
000563 -0.0018364838003945647
000767 -0.0018379604217427618
601398 -0.00183870519618897
600581 -0.0018401046394955836
600728 -0.001844314441329438
002821 -0.0018447443324535375
603579 -0.0018450602649210425
300077 -0.0018464340022004404
600020 -0.0018651874080457907
600340 -0.0018708196927579067
000428 -0.0018914213866095628
300003 -0.0018973370402733097
000733 -0.0018973499128716164
601200 -0.0018995039885045147
300024 -0.001908471627014234
000605 -0.0019087193166013473
300218 -0.0019095018767240172
600919 -0.0019191804228956624
002071 -0.0019243919031626255
000005 -0.0019255468966772578
300373 -0.0019330090162814626
002572 -0.0019365827721594328
000671 -0.0019449705876233084
300228 -0.0019462608434661164
002158 -0.0019463094927023982
600684 -0.0019516785781386698
002531 -0.001961871658083803
300190 -0.0019638001824679157
300250 -0.0019640810594537175
002033 -0.001971533061758214
300049 -0.0019806642523840165
603313 -0.0019829215122423322
600356 -0.0019894823543960775
002566 -0.001994242942447307
603223 -0.00200095285945601
600321 -0.0020022192950162714
300197 -0.0020054413473285654
600063 -0.002005846093729448
300259 -0.0020099929853012507
600785 -0.0020128643931070674
002496 -0.0020136203839193293
300425 -0.002027431932288668
002218 -0.0020318933054381347
600259 -0.0020402002978997125
002270 -0.0020406792468895523
300170 -0.0020476056885306597
000603 -0.002057043042805023
002362 -0.002062226428722098
000851 -0.002073237653014927
002807 -0.002075292602125269
300350 -0.00207913036511884
600611 -0.0020846161072304616
002042 -0.0020848118503023934
600839 -0.0020915423894157983
600835 -0.002092632208426178
600073 -0.002092872039531974
000400 -0.002092998031065314
600979 -0.002099438806949067
002069 -0.0021120796562019498
002859 -0.0021208639270637215
600652 -0.002142193507671383
300459 -0.0021437818562754438
000088 -0.002150729449307224
002044 -0.0021520649937786475
600317 -0.0021570055743759973
600674 -0.0021649838288064858
600598 -0.002165945301915847
600381 -0.002170583041223785
600525 -0.002173765329650146
600185 -0.0021796153800176174
300037 -0.0021845093014260363
600635 -0.0021868714792786428
600433 -0.002197380044169096
000929 -0.0022007363894852514
603955 -0.002210763633057033
002463 -0.002224211291202127
002783 -0.002227156830841988
002736 -0.0022504815007897607
000063 -0.0022522300041376616
601229 -0.002254440703570164
600226 -0.002254638389222803
600284 -0.002262670592946464
300421 -0.002264492556092063
600617 -0.0022717177731211933
002182 -0.0023016193194611723
600745 -0.0023092647575987807
002372 -0.0023093478778438616
002617 -0.002312292801150655
300297 -0.0023298214039924655
002004 -0.0023341445295695477
300556 -0.0023377056948458864
601388 -0.002347086424708598
300031 -0.0023486668563317504
000892 -0.0023502580441774595
300205 -0.0023531794683098583
603366 -0.0023551411711849202
000423 -0.0023656175429453185
300271 -0.0023695367282453896
600773 -0.0023721957253846817
600998 -0.002373651075046312
002356 -0.002380320215435454
600122 -0.0023826439287251283
300308 -0.002382729757241648
002031 -0.002385996733134983
600676 -0.002387417364959961
000678 -0.0023905875732807332
000928 -0.002391383183053434
002555 -0.0023991107799630623
603779 -0.0024048630051475657
000078 -0.002408004900705583
300193 -0.00240827998632623
603936 -0.0024138985857708453
600782 -0.002414947415742717
000507 -0.00242414614849004
600085 -0.0024268694404701256
601010 -0.0024594144996709366
000536 -0.0024645184542403976
002171 -0.0024708530301937436
600588 -0.002473993769666777
600141 -0.0024752972319707113
002377 -0.002482795659081282
002450 -0.002482978352996242
300339 -0.0024868904268290706
002584 -0.0024868992746640076
600039 -0.002494700724174506
600157 -0.002499610210416744
600009 -0.0025013397624577497
600489 -0.0025069528014238698
000609 -0.0025256559703960447
300410 -0.0025307085703504305
002605 -0.0025318836261123846
002341 -0.002535851961851957
000022 -0.002538680821375713
600203 -0.002540802289380027
002355 -0.0025560324604508595
000059 -0.002558514928124642
601106 -0.0025647477441429305
002689 -0.0025654763298740713
002262 -0.0025724405839817853
600527 -0.002577549801646928
300450 -0.002580061023107467
002601 -0.002586258305000909
000576 -0.0025928102665099687
603566 -0.002600792327639657
600057 -0.002602875514573142
600971 -0.002603565140670068
002283 -0.002611478352457548
600959 -0.0026119426464503506
002391 -0.002616652913797547
300023 -0.0026214811587210018
603633 -0.002627319792546179
002094 -0.0026320986202763436
002340 -0.0026324012020008565
002147 -0.002636418619249124
000897 -0.002641275011995556
603128 -0.002650786529343167
000546 -0.0026528839582383246
300481 -0.0026597329872011088
603000 -0.0026693869143194077
002140 -0.00268145048772304
300130 -0.0026894872110041386
300111 -0.0027100780843133544
603328 -0.0027232155738996285
002131 -0.0027234522058411856
002029 -0.002726698292856237
300240 -0.002728902469607072
600379 -0.002729560282266128
600770 -0.002729714955520027
600470 -0.0027304158335120926
300360 -0.002740697819005629
600325 -0.0027427103965505257
300269 -0.0027519855304751605
000822 -0.0027567421397906456
000425 -0.0027599052775628425
000948 -0.0027625209886310825
600759 -0.0027642869450612336
600776 -0.0027674281000946866
300287 -0.0027878460792565033
600301 -0.0027887174555873712
300362 -0.002794434438641991
002838 -0.0027981357511544236
000799 -0.002806972301572742
600824 -0.0028147479955003846
600736 -0.002816021626852983
002666 -0.00281775701545923
600330 -0.0028184038744260512
600861 -0.0028290311363364518
002581 -0.002846603450185177
002478 -0.0028467769191197253
002602 -0.0028594776676637602
601117 -0.0028625656454358203
600810 -0.002863522854357302
002180 -0.002878195753249284
600444 -0.00288508389945871
600704 -0.0028897295681227664
600726 -0.0029031306101228154
002476 -0.002903775385718235
000541 -0.0029061498831137334
300173 -0.002908430521690715
600536 -0.0029114593464079058
601567 -0.002915067116961302
002519 -0.0029171268313087865
000985 -0.0029321948708321537
600864 -0.0029501187579480843
002414 -0.0029506705256127346
002021 -0.002951067658102542
600422 -0.002960340345605196
002279 -0.0029626528226722754
000565 -0.0029638832562954697
600273 -0.0029794287342739343
603816 -0.00298208816290994
603300 -0.003002332766072752
002402 -0.003011016470577022
603100 -0.003019937782528636
000590 -0.0030250477101365697
600055 -0.0030277601820741327
300290 -0.0030390558928516283
002187 -0.0030417290918120163
603123 -0.0030421819025597003
002626 -0.0030429025942511484
600096 -0.0030446485961709777
600893 -0.003046002676298754
300046 -0.003049688895166996
600491 -0.0030520388316655307
300393 -0.003057251860481689
000999 -0.0030695297335394276
300004 -0.0030743712387423646
002511 -0.0030752075059798465
600543 -0.0030764426906195862
300236 -0.003084135086590072
603198 -0.003086079378942161
600416 -0.003092379813740555
300142 -0.0031028074261897224
300468 -0.003105404771083323
002160 -0.0031115250215003974
002243 -0.003121615972360674
000925 -0.003135407642467671
600521 -0.003137805616709859
000830 -0.003152942824791805
000517 -0.003156637704729008
600721 -0.0031627906281264783
300043 -0.0031667736529501682
002196 -0.0031683043860951405
000732 -0.0031799194241912306
002242 -0.003183097612440869
300453 -0.0031854058529202454
600593 -0.003206579480216066
300221 -0.003208933903016551
000729 -0.003223189907058348
300137 -0.00322331188085522
002393 -0.003234322993276339
002407 -0.0032370800198336675
002022 -0.003254055768510118
002007 -0.0032589353150398407
300115 -0.00327814516645864
300630 -0.003282315033257324
000901 -0.0032845499650815246
600808 -0.0032850849193281403
601888 -0.0032869438154514933
002676 -0.0032887691019806136
600062 -0.003300470920968992
600792 -0.0033107645852644297
000965 -0.0033115723150383787
300135 -0.003316282223925696
603306 -0.0033252282800526906
600731 -0.0033530530237520853
600570 -0.003380974150200924
002275 -0.0033897981022628235
300213 -0.0033945862916269394
300613 -0.0034043050803023635
600227 -0.0034078314195464298
603919 -0.003411579917705375
600449 -0.0034151707034304774
600309 -0.003419850529672624
600717 -0.0034385007207670473
300167 -0.0034396444208656726
000597 -0.003444655331558648
000701 -0.0034469408838345133
601375 -0.0034567839829819317
600207 -0.003459087102539017
600283 -0.0034640901545085418
002054 -0.003477019935049853
002067 -0.0034850644064256357
000422 -0.003489752116049549
601118 -0.0034955731770987264
002733 -0.0035145533754130775
603077 -0.0035217409826144106
300224 -0.0035254123073660826
300001 -0.0035255229527236314
300449 -0.003533293552428698
600882 -0.003534351776982001
600323 -0.003534734856578641
000902 -0.003546938864686644
603036 -0.0035475483876500017
600777 -0.0035588652764771116
000681 -0.0035631900497136836
000037 -0.003566183578373159
600068 -0.0035755249647349482
300257 -0.003580630069940848
300418 -0.0035817073427228414
601599 -0.003581868149276926
600018 -0.003602859247136129
300126 -0.0036097720161258045
603833 -0.0036146600371954277
002027 -0.0036243997326430386
601208 -0.0036252742223932127
600089 -0.0036312193206151505
000595 -0.0036402192259694117
002090 -0.003652794712765065
002589 -0.0036546563514061256
600683 -0.0036583662703960577
300229 -0.0036628036822557875
002193 -0.0036716142637769015
000720 -0.00368564135999643
002110 -0.0036929369510573483
002063 -0.0036976367997452464
600258 -0.0036984793904149098
002040 -0.0037079576026828927
002273 -0.0037102686089460542
600727 -0.0037127206759947663
600400 -0.0037235913461027177
002380 -0.0037467589835952584
002633 -0.003762372589436557
002432 -0.003769221092757737
002229 -0.003769641551953572
002737 -0.003774954854193895
000790 -0.003780461191580854
600742 -0.003783001543432026
600022 -0.003787719179924546
300026 -0.0037928379835025956
002299 -0.003796555187154221
603116 -0.0038036161211614065
002457 -0.0038201737847920556
300159 -0.003829026166337567
600210 -0.003839352954759144
002185 -0.0038632833478097
002064 -0.0038651433288965104
000802 -0.0038883153865599436
603339 -0.0038906325905636707
000521 -0.0038921036876938854
300039 -0.003893962568878681
000697 -0.0039018583510501336
300010 -0.003908946484554681
600080 -0.0039121440635318284
002146 -0.0039173313003109025
002608 -0.003948809614924853
002738 -0.003959401584596419
600033 -0.003962657998514136
002575 -0.0039749460070616395
000752 -0.003982407375709237
600779 -0.003989263215838085
002681 -0.003992983578151281
002542 -0.004019068222946847
603727 -0.004029573656804123
002533 -0.004060528664478818
300199 -0.004084729244307431
002568 -0.004090013557135126
600201 -0.004093377030456582
600691 -0.004094065071292206
002125 -0.00412505189847478
002028 -0.004135084585311924
300583 -0.004139224922058591
002247 -0.00413992981898916
300331 -0.004147548282065558
300195 -0.004148051608282816
000888 -0.00415281802629419
600252 -0.004158613930072285
603393 -0.004159261217129203
002169 -0.0041729268389717605
002387 -0.004173144958627972
002436 -0.004178085119354403
002658 -0.004187562719201048
002649 -0.00418894318199429
002307 -0.00419379667743635
002077 -0.004206939045001152
300157 -0.004212448293111381
600282 -0.004238349131868931
002230 -0.004240376282359334
601880 -0.004270501079934522
002743 -0.004273880196920321
600537 -0.004274916531908949
000615 -0.004279996721248095
000687 -0.004284086094786721
300016 -0.004288173824146262
002382 -0.004288294659916387
000988 -0.004297977829296088
002831 -0.004308457449414053
600664 -0.004325221169352413
000528 -0.004327914435436137
300422 -0.004328874679741692
000612 -0.004330080169627065
300055 -0.0043320654341269796
002368 -0.004339580374599843
000705 -0.004341001283489566
002217 -0.004341244600056379
002709 -0.004348474735017491
600512 -0.004375484769665797
300180 -0.004381590114873393
002222 -0.0043832819843136455
601100 -0.004383524025221235
600706 -0.0043862502078417746
002039 -0.004400822079650613
002302 -0.004415512181728162
002277 -0.004416836446698385
000573 -0.004419969770020915
002790 -0.004420918638034438
300341 -0.00443478262135984
600719 -0.004442718575784125
300017 -0.004443085421409436
002429 -0.004445631614938229
300007 -0.004451164737546099
000858 -0.004455633119677976
002206 -0.004492820019161679
000809 -0.004493830651146568
000010 -0.004499311903776523
300533 -0.004505613649008812
600993 -0.004514394051191705
600401 -0.004516002807271191
002020 -0.004522546997085267
600546 -0.00452810404363106
002080 -0.004531560195201182
002514 -0.0045318348589113554
000676 -0.0045359384460207045
300343 -0.00453881553328681
600315 -0.004540268040155324
300306 -0.004540830385725057
600599 -0.004543575513567552
000333 -0.00455274636831711
300158 -0.004554622481815368
002595 -0.00456437817384482
002311 -0.004566600085589009
002636 -0.004571729142096059
600219 -0.0045741417064543675
600238 -0.004576682168183381
600183 -0.004583380277457404
002624 -0.004584157023773407
300061 -0.0045919490623610535
600266 -0.004602121504865647
300337 -0.004618097364747812
002792 -0.004620837326961803
600895 -0.004626665600084153
000069 -0.004629413030911212
600980 -0.00463579668626053
000584 -0.00464129186965025
000089 -0.004643717148481575
002385 -0.004649567040133362
000710 -0.004649941690075583
600896 -0.0046571009191090276
600335 -0.0046594877593929464
000848 -0.004672106312217856
002325 -0.004673125613448511
600419 -0.0046901915770633535
300014 -0.004692449274104094
603996 -0.004704176399538865
002047 -0.004704835681232226
002343 -0.004721755114421236
000009 -0.004724847005887057
603005 -0.004736612641853306
002240 -0.004749409952400372
300207 -0.0047498404985297825
600682 -0.0047613963033493745
000937 -0.004773265468485308
000509 -0.0047756646752096996
000035 -0.004776349537734453
603616 -0.004791881699022584
603688 -0.004799819326833732
300261 -0.004800671339620935
600366 -0.004844024729019978
300471 -0.004859626891198826
000651 -0.004863544333844795
600377 -0.0048657383594233
603888 -0.004881113417127185
603222 -0.004888584573725615
000839 -0.004901055770501132
000630 -0.004906960019995709
002544 -0.004913402700213563
002543 -0.004922841115832322
600812 -0.004926037719765587
603027 -0.004943097142474503
002068 -0.00495121650235235
000890 -0.00496412473125615
600166 -0.004973335758467022
001896 -0.005001757983576828
300230 -0.005003892481583472
000598 -0.005008819880252815
002048 -0.005016227613394675
600163 -0.005020243771960061
300107 -0.005032296106684643
002604 -0.00503998744429369
600885 -0.005040302272390938
000695 -0.005047650655302601
300147 -0.005051873526864101
600705 -0.005062608557460553
601799 -0.005063440273751514
000413 -0.005066208480469367
600285 -0.005101442019854727
002123 -0.0051161182658032225
601339 -0.005130289925096187
002015 -0.005131659048931142
601688 -0.005133924061581913
600771 -0.005141922051464657
002102 -0.0051519663566428845
002637 -0.005167453030938263
002256 -0.005170232446255753
603168 -0.005174097027016227
601111 -0.00517985664462136
002198 -0.005199849697691657
002745 -0.005206572848489478
300096 -0.005209535322367604
601566 -0.005213719793424254
002620 -0.005221784130865851
600522 -0.005225472777300235
000973 -0.005238111538968081
002501 -0.005250632048986712
603988 -0.005268416321620414
300166 -0.005270230829506608
300260 -0.0052794272901554255
600892 -0.0052801096424716035
002154 -0.0052914747361372996
600332 -0.0053305310013905816
002194 -0.005345000662530857
000529 -0.0053520652071913245
002446 -0.005352512402498026
000737 -0.005355188418770163
002781 -0.005378635139393325
002149 -0.005395492627628009
002479 -0.005398086870642223
002777 -0.005445580897586127
600320 -0.005446391233105895
300125 -0.005456040004763957
600215 -0.005463099209659256
603868 -0.005463589481271921
002083 -0.005482157216081652
300492 -0.005484421934546435
002512 -0.0054861970998712865
600070 -0.005501207284343631
002298 -0.005502765718574047
002723 -0.005517735884572333
601021 -0.005522426723301409
002304 -0.005524331324565578
601058 -0.005528592073800227
002795 -0.00553984274361841
300342 -0.005546990748557105
600155 -0.005548814080534269
600017 -0.005554360357312361
603030 -0.005559368682998219
000028 -0.005567575702481053
603131 -0.005579005849183588
603729 -0.005593521541109451
600847 -0.005615176421516098
600898 -0.005632632554470305
600076 -0.005643889700963037
000661 -0.005649342177345215
000538 -0.005652324786306099
601333 -0.005653660687043233
601899 -0.0056581906342424194
600781 -0.005678401461564824
002712 -0.005687537995481424
002138 -0.005691046469167944
002641 -0.005697008748245505
002779 -0.005700012324090295
600393 -0.005712953201892378
603626 -0.005731949498170968
600196 -0.005736127770548994
300448 -0.005737669855528989
002691 -0.005757012785569452
600753 -0.005757360645885701
300119 -0.005765551074444295
002210 -0.00576889496509969
600859 -0.0057690979888538295
600749 -0.005788080645360528
600572 -0.005808450434005989
601137 -0.005820843384109717
002559 -0.005821613766436673
601996 -0.005823898787001082
000608 -0.0058366973550960065
300411 -0.00584718156440214
600410 -0.005860553376039517
000823 -0.005884367145737894
000151 -0.005885521120307875
300470 -0.005887910823598054
002832 -0.005887945610002521
002548 -0.005901077198890544
601801 -0.005907337894946837
300473 -0.0059840847457858035
600240 -0.005984658527987142
000559 -0.005991202697172543
300282 -0.006003915706471822
000540 -0.006026395534758873
603368 -0.006034955782211228
600035 -0.006035602821855135
002188 -0.006046595635315544
300274 -0.006046639574294259
300172 -0.006074260018867373
600820 -0.006088615728251161
002661 -0.006121172894238009
600540 -0.006126965596298847
002376 -0.006148358416196497
300604 -0.006151743071482614
600383 -0.006167561553300737
002578 -0.006176053555020737
300457 -0.006229233025299388
002173 -0.006277112434818619
300319 -0.006291137168268962
000800 -0.006294197244758963
300392 -0.0063344530721543765
600242 -0.006336369645600602
300349 -0.006349038455749329
002494 -0.0063493260246063315
300523 -0.0063531279066361395
000663 -0.006354890332263942
002765 -0.006358670679734648
300430 -0.006394969181850766
601718 -0.006399078947103012
600029 -0.006400729800274559
603019 -0.006410460631568474
300183 -0.006414733619247956
600129 -0.00648997921532026
601008 -0.006490805897717694
300203 -0.006494966155742958
002742 -0.006528391071580595
300284 -0.006562299308601903
603799 -0.006570191341579781
600109 -0.006636751058746736
600190 -0.006641409756690102
600208 -0.0066780372986023
300289 -0.006683736578903595
000534 -0.006735289928916605
600246 -0.006760920395400379
600066 -0.0067760594202424355
600175 -0.0067911442802863625
300164 -0.006824450722801292
600766 -0.006856203431925465
300040 -0.006869033737741734
002345 -0.006871542786741703
002289 -0.006881688499017399
002321 -0.006893643110575125
002702 -0.006903131020848233
300383 -0.00692121888584616
300496 -0.00693960827134644
002137 -0.0069681036581676434
000952 -0.006969314139241038
600172 -0.0070046526289175
601228 -0.007031868184225175
600094 -0.007045408028500776
601139 -0.007056346134428986
000623 -0.007071750354745009
600179 -0.007076983925084716
002477 -0.007089000318608313
600261 -0.007116425561900277
000570 -0.007212227771577118
000779 -0.007220535526746048
002497 -0.007247492402032372
600228 -0.007255074174935934
000785 -0.007288648557286911
002195 -0.007311776889115934
002506 -0.007315527887670705
600071 -0.00732685827148662
600969 -0.007339397542976628
002746 -0.007355672484674496
002059 -0.007371146471864381
002259 -0.0073728594349993185
000513 -0.007393883064690386
300281 -0.007405028247098667
600686 -0.0074099494984971
600703 -0.0074369308907265815
002074 -0.007453690866544927
000401 -0.007458510915253385
000723 -0.007479645031221749
300292 -0.007482338713302308
600702 -0.007521473524114695
300033 -0.007533853929340122
002865 -0.0075362982443620274
600293 -0.007555602026514032
300333 -0.007565813416609404
300384 -0.007676311804387966
002239 -0.0077240613746425825
000568 -0.007726590456040457
002223 -0.0077649268195669734
603667 -0.0077981256571976135
300262 -0.007825350288190019
601628 -0.007838813992826144
002530 -0.007848482958789949
000949 -0.007885642193263936
300388 -0.007889882207581465
002647 -0.007906667696826969
002389 -0.007910636425449116
600476 -0.00791538404851701
000002 -0.00797993505638263
603333 -0.007993720055946266
002281 -0.008010983846178626
002244 -0.008037793952669322
603020 -0.008064105312080167
600707 -0.008082889094663369
002485 -0.008122066857536156
300138 -0.008181243166432456
300514 -0.008200697154190554
601929 -0.00820634282576121
000881 -0.008228304837508572
002592 -0.00826730617041328
300091 -0.008318390807816768
002352 -0.008369024231368505
002099 -0.008369953357728636
600606 -0.008390701032391349
600425 -0.00843020364317233
600926 -0.00849495359657943
002023 -0.00853463787639917
002686 -0.008537961750103901
000066 -0.008556046051458129
603003 -0.008565577256723583
000011 -0.008632405845315527
600623 -0.008633313917366933
600663 -0.008649515374486216
300451 -0.00866992913557864
601998 -0.00867049153244863
000061 -0.008683427377177326
000409 -0.008683427377177326
000504 -0.008683427377177326
000533 -0.008683427377177326
000806 -0.008683427377177326
000931 -0.008683427377177326
000977 -0.008683427377177326
002030 -0.008683427377177326
002065 -0.008683427377177326
002085 -0.008683427377177326
002114 -0.008683427377177326
002284 -0.008683427377177326
002319 -0.008683427377177326
002415 -0.008683427377177326
002692 -0.008683427377177326
300041 -0.008683427377177326
300084 -0.008683427377177326
300116 -0.008683427377177326
300145 -0.008683427377177326
300191 -0.008683427377177326
300324 -0.008683427377177326
300335 -0.008683427377177326
300416 -0.008683427377177326
600000 -0.008683427377177326
600016 -0.008683427377177326
600028 -0.008683427377177326
600114 -0.008683427377177326
600292 -0.008683427377177326
600533 -0.008683427377177326
600555 -0.008683427377177326
600638 -0.008683427377177326
600740 -0.008683427377177326
600780 -0.008683427377177326
600871 -0.008683427377177326
600992 -0.008683427377177326
601001 -0.008683427377177326
601016 -0.008683427377177326
601199 -0.008683427377177326
601668 -0.008683427377177326
601808 -0.008683427377177326
603169 -0.008683427377177326
603501 -0.008683427377177326
603686 -0.008683427377177326
603699 -0.008683427377177326
603885 -0.008683427377177326
603899 -0.008683427377177326
300444 -0.008684946181121719
600137 -0.008686680498851332
600239 -0.008687590587917238
002797 -0.008688620875024184
600372 -0.008688919121577777
000719 -0.008689743360392565
002773 -0.00869146418298949
600756 -0.008695679469173724
000023 -0.008696008795227415
600853 -0.008710876851613527
600319 -0.00872124679494717
300012 -0.008728927785806976
601225 -0.008732456612348935
002142 -0.008767990930781927
300102 -0.008778394549906525
000166 -0.008824347064981225
002086 -0.00883383394917103
300227 -0.008836026598820356
300273 -0.008844345118956041
000662 -0.008846826329760988
002435 -0.00885705600224066
601166 -0.00888739524269694
000157 -0.00889894182246336
002445 -0.00892473432101178
603444 -0.00893424205963372
600475 -0.008988525539106704
002350 -0.009006557595187873
300217 -0.009023952083851651
600767 -0.009031506817709466
600608 -0.009042517338223042
601939 -0.009060137403271822
601777 -0.00907632181374319
002305 -0.009077631142035305
000698 -0.00908060074285382
300476 -0.009216091982046605
002254 -0.009219326244729356
002643 -0.009241885696990382
600478 -0.009271574730222179
600168 -0.009272901666898375
600579 -0.009275114569096994
300256 -0.009339004283598974
000728 -0.009345936512870972
600388 -0.009352048346813312
000813 -0.009434668696296286
600803 -0.0094348927638041
300498 -0.009436836836692922
603488 -0.009460348997007834
000572 -0.009479504827270242
603021 -0.009499124087035552
603006 -0.009540608646229305
000908 -0.009556189403104124
002772 -0.009567581694227162
600690 -0.009577371875089927
600550 -0.009586465809423893
300649 -0.009623420118435835
300370 -0.009686318422063378
000600 -0.00968689846777825
300432 -0.009721073239777086
002294 -0.009729238193009386
002219 -0.009757015112761645
600583 -0.009766632752334792
603399 -0.009775548746022066
002663 -0.00979076401569898
300143 -0.009822162224252053
603429 -0.00986266172954595
000783 -0.00987857222729798
300238 -0.009878937012187429
000566 -0.009929510460852789
300082 -0.009968343718179657
601155 -0.009968667424790592
600067 -0.00996902784266675
600497 -0.00997564504801997
603869 -0.009980606605427107
300438 -0.009987895563084563
300263 -0.010020229953273441
601000 -0.010110788710008695
000402 -0.010119450893445913
603505 -0.010124576955942407
600496 -0.010129592097603494
300568 -0.010143841668454409
300491 -0.010156678224430284
000990 -0.010178569140409809
603968 -0.01026510082928416
601009 -0.010265458015174242
300651 -0.010269175541041542
601099 -0.01030106227779135
000961 -0.010350377254870194
600481 -0.010357251525586513
002034 -0.010397453479013573
300340 -0.010417589110985982
603229 -0.010514060293414455
600552 -0.010528155072796877
300495 -0.01053282610652077
002656 -0.010573561751333355
601818 -0.010616972930794586
601216 -0.010623051734240661
600241 -0.010625133091897047
600976 -0.010676489149866002
603011 -0.010722424381139335
600874 -0.01085760025927649
300509 -0.010858494457031818
300118 -0.010880481049811111
600355 -0.010903988044324742
300344 -0.010920812846107514
002135 -0.01094154382946318
002232 -0.011028756887272173
603197 -0.011093554074309366
600019 -0.011099360734930785
600600 -0.011100715683887638
000750 -0.01118922916802068
603896 -0.011245860289700645
603320 -0.011265351383143593
601788 -0.011270275974863787
002546 -0.011275713778986667
002761 -0.01133960630185763
600202 -0.011345113963465958
603180 -0.011376978585194921
600970 -0.011413586493098756
000703 -0.011433245743233912
600415 -0.011441304439834609
300279 -0.01145411883181388
000544 -0.011454771405877827
002679 -0.011455368570687375
600520 -0.011469112151104759
603086 -0.011469956692990245
002718 -0.011471840705884888
601328 -0.011520689483660237
603926 -0.011594480846198924
000938 -0.01160358002698435
002359 -0.01165329490670329
002112 -0.011682755730963192
600754 -0.0116873186397047
002165 -0.011718828732330794
000518 -0.011726715728325572
600418 -0.011748473939172051
300366 -0.011762366032048466
002424 -0.011837620151479062
002236 -0.011870602999664326
000158 -0.011929545348356994
600769 -0.01222498596853351
600529 -0.012287935529448998
600870 -0.012305309755594004
300334 -0.012313511093355102
603958 -0.012316566152147592
601169 -0.01232239826478001
603998 -0.012344651104666364
600983 -0.012425643501732718
600963 -0.012461466816646219
601558 -0.012561379487589265
600660 -0.012598548685788195
000860 -0.012636803999213074
002383 -0.012698829210041108
600837 -0.012755107044716725
600061 -0.012772342256038398
600528 -0.012840763009396518
000875 -0.012851972184106806
300021 -0.01286783990196221
002846 -0.013031416347507053
002420 -0.013046070781155715
300072 -0.013047830366102135
000793 -0.013120982000612687
600297 -0.013125071495382987
002466 -0.013134382317853773
300628 -0.013158764978619059
600220 -0.013218919201551597
002410 -0.013234757582791896
002545 -0.013286599318893552
300038 -0.013308435829098566
002117 -0.013313694252634237
002375 -0.013324343963057192
300110 -0.013331759481056691
300643 -0.013409612865397144
002390 -0.013453836470654797
002268 -0.013466372472360103
600999 -0.013526076645755374
000766 -0.013544354561934722
603985 -0.013546138269740065
002433 -0.013585830759974585
600539 -0.013592754763420586
600516 -0.013597069320894273
603377 -0.013666222125108495
600716 -0.013687303823860105
300176 -0.013704757937006675
600143 -0.013713785518330931
002582 -0.013788714140567843
300531 -0.013803083154261304
002301 -0.013886892842877396
601952 -0.013931150614945941
603113 -0.013939302306925382
002616 -0.013958838163298341
300062 -0.014057477059776762
000778 -0.014137798874248434
002009 -0.014243633879512135
002739 -0.01428552268918711
002599 -0.01446141464459305
002392 -0.014485313530617744
300133 -0.014576578767191479
600908 -0.014615571308620604
002051 -0.014627089905622665
300146 -0.014637554264102669
002271 -0.014730331829914095
603050 -0.014754636308333001
002759 -0.014830685136018013
601901 -0.014853014496982432
000591 -0.01488759695591129
600507 -0.015211710876641032
002820 -0.015236785808380882
002261 -0.015244826594375593
600030 -0.015245564410584448
600641 -0.015328753469016314
000776 -0.015350245422006194
300188 -0.01539924883088334
603345 -0.015409656044902121
000895 -0.015476381768222873
300059 -0.015485020642237605
600580 -0.015499765589609617
600687 -0.015509066555843174
002148 -0.015543048548856664
600535 -0.015741971590939485
000852 -0.015906378666720237
002508 -0.016019392772149817
300144 -0.016181044462392588
600566 -0.01629309883060745
600791 -0.016424815203609482
002551 -0.016426587878425367
002870 -0.01653101234396451
300647 -0.016536522226023802
600658 -0.01654817292071006
000606 -0.016559997735640763
002200 -0.016561960760606998
600255 -0.016570986579495045
000709 -0.01657825173352297
603696 -0.016677021959175607
002342 -0.016698958293554722
600290 -0.016719564176516797
601992 -0.016794363082881347
600086 -0.016843410958911828
600267 -0.016858378778391844
601318 -0.016920752333211178
002460 -0.017059326546025155
600795 -0.017159053674413678
000796 -0.01722924740102639
600015 -0.01731098267398978
600291 -0.01731222204887602
600887 -0.01764078409355338
600790 -0.017661914221932203
300338 -0.017745601859271785
601601 -0.017781312347072625
600807 -0.017799362695711512
600036 -0.017802985287899604
600841 -0.017892959802136787
603939 -0.01800708506100465
603728 -0.018170861094181076
601211 -0.018227242778722737
600751 -0.018264179645658987
002830 -0.018347413432165033
000001 -0.018373102378928897
002871 -0.018432436797089197
000659 -0.018598667424651785
600426 -0.019167363497139878
601336 -0.01920772470220409
002431 -0.019265310185714042
002043 -0.01930023537273764
603126 -0.019467740827249322
600873 -0.01956398037841254
002570 -0.01959715904866318
300616 -0.01968709506765763
002868 -0.019955101688645255
600176 -0.019992437496848703
002212 -0.020011678345176247
600247 -0.020114914085384114
000062 -0.02015103725493886
002109 -0.020570438979100793
300296 -0.020615394203374948
600008 -0.020761836073437907
002665 -0.020851778973368307
000958 -0.02115609344300969
002338 -0.021393761518232732
002335 -0.02145148254122453
300029 -0.021843310061394915
000725 -0.021921774818928524
002517 -0.02192907468364578
002680 -0.021965457336142146
600458 -0.02263980156910273
300294 -0.022719657579166316
002869 -0.023301048127558278
002073 -0.02340015175294842
601258 -0.02368526775686906
600851 -0.024268176449112795
300266 -0.025004584197957237
002670 -0.02555141268866442
300054 -0.02558292954726845
000816 -0.02581559383765436
002159 -0.025872240189435722
002010 -0.029721706822472625
300652 -0.031415964812215105
603758 -0.03231843108262726
002872 -0.05290280643587484
