300140 0.023018072426957838
601088 0.02170712932248047
002443 0.020443974417990847
002805 0.019219053943826468
600139 0.017644623821544032
603058 0.01746508498538702
601898 0.016570904369686328
603060 0.016516215334001758
002323 0.01602259579085709
002802 0.015558375775862878
603098 0.015034090998753214
002296 0.014715933122775944
600011 0.014679168417261619
000617 0.014631667779270116
300475 0.014188627592067701
603717 0.013904907234046119
300548 0.013521616149225165
600095 0.013494097070778274
600027 0.013481402181648944
603337 0.013426515188763153
603726 0.013306696815780924
002806 0.013272893626437477
603928 0.013080471923874735
002836 0.013025043119345448
601866 0.013022292120062893
603738 0.0129046353067749
603389 0.01284633377891319
300576 0.012843267168114176
300603 0.012818128669465146
600610 0.012731077119956863
603028 0.012487780340809372
300588 0.012412211043500937
002860 0.012283255551820442
002451 0.0122810174962574
002847 0.012258977847704982
002835 0.0120722836717137
300288 0.011926730616377617
603628 0.011868127544264228
603690 0.011826992553181355
603977 0.011817801071838921
000415 0.011785947260011623
300503 0.011738254812070309
300611 0.01170740350168198
603838 0.01168336115634285
600694 0.011680012182280408
000959 0.011609950852482029
603029 0.011550365931321993
603668 0.011493305866743022
002282 0.011481902012606396
603615 0.011309541499655943
000043 0.011157494664781322
002845 0.010897645010738284
601101 0.010883870833204625
000721 0.010838903261066015
002293 0.010793493818521663
002799 0.010789349028113257
603133 0.01066920036953478
002782 0.010653216867859258
603859 0.010610442337526489
002749 0.010396953542300543
600104 0.010392849600003322
603797 0.010353987487565419
002300 0.010281739179980052
300076 0.01027993169209175
601288 0.010241549232816028
002810 0.010217216754977469
600604 0.010178588846452319
600696 0.010137924267104364
002224 0.01007026618220669
300535 0.009942590184796726
000690 0.009865623814503158
603138 0.009809688598592726
600603 0.009800999983102637
601020 0.0097968664148706
300300 0.009720665158271647
002740 0.009693590008578534
603336 0.009628856330934686
002360 0.009625053850870697
300619 0.009613256499423068
600939 0.009600182179459701
603166 0.009577514001139138
300592 0.009565152828565139
002862 0.009545390595378287
300599 0.009533032066372458
002768 0.00951840250036287
300351 0.009497149119156294
002552 0.009489287668614664
002813 0.009475927039090252
002016 0.0094706152743068
300103 0.009464556061522642
002811 0.009464340006021596
300539 0.009453221237485895
600362 0.009399886610726037
300597 0.009399073415167615
603178 0.009351053358089218
000593 0.009346145417946134
600265 0.009297466005324955
601006 0.00928370581380319
300398 0.009277631339940187
300254 0.009272156488298376
601116 0.009213463574152174
000096 0.009210036086052224
300566 0.00919836202029477
000058 0.009104912196225065
300489 0.009086456707137735
300565 0.009054971907471404
600306 0.009049044523505452
002631 0.00903517349441499
600729 0.008987362356376377
000893 0.00898564315327969
002826 0.008905593575903445
603090 0.008903450346940551
002265 0.00889003158242748
300542 0.008866169644001163
000898 0.008857131038248272
300445 0.008800419467585174
300605 0.00878756526329527
300606 0.008766673636926165
002011 0.008754227668290137
300446 0.00874924635193145
600629 0.008734037018207007
002046 0.008701787092363291
000055 0.00869946111633227
000519 0.008689115268904602
603225 0.008687491242883394
002553 0.008683128235505376
002055 0.008668656672040106
002468 0.008662409089615268
603861 0.008586492283353562
603023 0.008576309054349104
603227 0.008553106663297385
300231 0.00854380321086298
300640 0.008530286106142806
002824 0.008524160104332613
603360 0.008519262219114051
300150 0.008515320696329256
300381 0.008506993129542227
002818 0.008480975729245116
002388 0.008479359983963574
603803 0.008476578324243351
600367 0.008446825846645753
300593 0.008441272971636547
300563 0.00841378966244947
300402 0.008407339373811737
300618 0.008405010060494026
002395 0.008344342444067452
002246 0.008343722068872591
300363 0.008310575573913489
300517 0.008272699965333004
002120 0.008260114476416105
603007 0.008189282099073927
300637 0.008176670699909147
002014 0.008101240174575587
300571 0.008030579746706823
002524 0.008027732394524678
002861 0.008025611188936748
600072 0.008006279618845853
603111 0.007997376705526358
002594 0.00797758187588706
603322 0.00797406269784808
002780 0.007946934213852822
600148 0.00793495028206771
300404 0.007926565194342034
300627 0.007902698665983714
002735 0.007880906967191353
603881 0.007867128239013905
600188 0.00783188728288947
002758 0.007798737573480657
300633 0.007796151134769931
300484 0.007787197659671759
002774 0.007784214771501987
600865 0.007778762553957498
002837 0.007771309461701346
601012 0.007763461582855976
601366 0.007761827335939447
002741 0.0077493576223514795
300621 0.007746033946486651
600115 0.007729064444738596
600697 0.007723584765124346
603908 0.007717871489288252
300244 0.0077008416415597965
002406 0.0077006034068693874
603997 0.007691317649683753
002852 0.007682072753140446
300635 0.007658427216464382
000679 0.007634007059227498
603823 0.007628375348278675
002588 0.0076147203623590076
000019 0.00761420782057416
300052 0.007588309571977607
300567 0.007583575698660928
002361 0.00758018873124445
002587 0.007576965766133018
603330 0.007572355117754418
600843 0.0075640230146679106
002808 0.007536832974567779
603959 0.007502213661940904
300536 0.00748458232133528
603638 0.007478631451841052
300595 0.007477323325434845
600829 0.007474371158302075
300225 0.007472796921992665
603586 0.007465052646429956
000561 0.0074390610555306585
601727 0.007438196176815464
002842 0.007432680034430173
300420 0.007428571555639021
300352 0.007422527850160425
600511 0.00741973604306728
000692 0.007394653295514255
600875 0.007382450876192383
600230 0.007361288827900053
002428 0.007353973012921048
300044 0.007349339264751691
603811 0.007345709233141725
600370 0.007342202379662486
601390 0.007320912984726017
000633 0.007317698443333917
300596 0.007313101319269469
601988 0.007299091536220581
600167 0.007297886449069741
300223 0.007272251109492924
603288 0.007265423696932631
002748 0.0072628507256243795
000777 0.007262367079134203
300578 0.0072612478127734425
600221 0.007259621328319114
000731 0.007225630815098012
601238 0.007219823588466989
600386 0.007196389432132777
002611 0.007176685299195051
601212 0.0071693803453362955
300632 0.007168926265956102
600236 0.007146413617109866
300506 0.007137511462000938
600681 0.007128784224878953
603067 0.007114535814609168
002272 0.00710665468925171
000957 0.007079060825251162
002167 0.0070715777689257155
000666 0.007070752040967928
300428 0.007070744547841524
601669 0.007058927546864021
300538 0.007053834807139283
002267 0.00705006242231058
603768 0.007029383193997095
300412 0.007019445953736469
002751 0.006958869319821757
601858 0.006945543080312025
000501 0.006930894616583857
300480 0.006907322140040268
603989 0.0068863917861558665
601113 0.006882810431911818
603630 0.006871979496663254
601127 0.0068680606007414605
600619 0.006852295001476414
002728 0.006833558428827867
002116 0.006829614427263757
300505 0.006825746413222708
600714 0.006807600876376739
601011 0.006757746275227589
600395 0.00673515312003016
000635 0.006733842520632419
600828 0.006727338765962659
002855 0.006720698258877994
603177 0.006718658923420025
300530 0.0067037132146692165
300589 0.006699004985004328
600438 0.006694426259072923
603037 0.006688191061522738
002482 0.006687955684855635
300314 0.006667865973709389
601028 0.006661899256858181
000685 0.006650459134510419
000586 0.0066450992687403804
000655 0.006642907554649122
002130 0.006639573688796438
600302 0.0066363319958494295
300216 0.006624976995449431
300174 0.006622393324496245
000761 0.006599127021682204
603041 0.006580308609834553
601991 0.006573471702631907
000880 0.006555881747287384
000018 0.00655348461122162
002136 0.006549459555921426
002558 0.006542964032477982
300011 0.006527461863445015
300607 0.00652217670986034
002208 0.006510395976789355
300580 0.006496275186751216
300587 0.00648101515230645
002297 0.006479036415571486
603677 0.006478905673082463
600545 0.006472958526383207
300395 0.006405034967436031
002819 0.006390358884247212
600112 0.006387864968716014
603800 0.00638168592172088
002827 0.006378365804086466
300586 0.0063607821302182534
300555 0.006347006709693025
300187 0.0063453411891192645
002803 0.006342137358008525
002346 0.0063356438311239546
000803 0.006331474541648957
002833 0.006317586712639678
002521 0.00629451480552206
603266 0.006292317870670271
300515 0.006287012418080653
002190 0.006284006125852325
000833 0.006263512849707692
002796 0.006259343471106902
600977 0.006256352389097034
600738 0.00624301063406733
601882 0.006240781760822866
002017 0.006239993593732944
603081 0.006208148696370862
600233 0.00620655202643282
300549 0.006201482521175651
300641 0.006193354356378826
300562 0.0061689794138826
000917 0.006152957726798141
300220 0.006142936755423212
000932 0.006135178215899319
300601 0.006097002390425262
000416 0.006081703857231545
002536 0.006080567201707408
002700 0.006072614572587233
000622 0.006064876887966147
000791 0.006057141893428101
002018 0.006049388346930343
600365 0.006046724195372508
600827 0.006038545863784328
600023 0.006023835903881412
000736 0.006021518365913418
300474 0.005964728023794547
603703 0.005963047239493093
300639 0.005948832101786211
002150 0.005945689837286572
603031 0.005945132282865804
600262 0.005942472703937099
600123 0.005916967317533975
600961 0.005914992245404082
000797 0.0059036324923733615
600213 0.005902883121593356
603186 0.0058950309934825435
000811 0.005891287165142671
300508 0.005883186890001474
300552 0.005878348676253328
603777 0.005866208901659495
603069 0.005851968107026751
002752 0.005840085194050961
002203 0.005835046087918483
600678 0.0058128601014815606
600802 0.005810608040304246
603900 0.005804824672358627
600618 0.005800082974180731
000996 0.005791321211125026
300600 0.005778113446361503
603089 0.005769075671724027
600560 0.0057654515083725485
300121 0.005764171887628665
600724 0.005759307422996535
000688 0.005748626787660803
002823 0.0057313585578816235
002189 0.0057288456007992036
000567 0.005712048699173241
600883 0.0057089718646408175
603189 0.005704605875119437
002857 0.005701110328081401
002815 0.005694667959070509
603388 0.005688939223231345
300620 0.005676478160445626
300452 0.005670475524334502
002776 0.005665043175598957
600784 0.005653136796967283
600586 0.005649808689205699
603665 0.005647360980886043
600456 0.005642924587727159
600084 0.005626085155565189
300401 0.00561127301227201
300516 0.0056062964652377496
300465 0.005605980443704637
300464 0.005605760029797438
603179 0.005600508914146986
000717 0.005595815947627477
300379 0.005593272205543566
603966 0.00558892886980829
600764 0.005558023564667872
300434 0.0055537868916176545
300625 0.005527767619187185
002671 0.005523241096859864
000801 0.005508999410812336
600730 0.005491975513903973
000025 0.005489092576462367
002707 0.005469610873234143
002179 0.005462523539618673
002678 0.00545714008796061
300323 0.005430579244341198
300626 0.005430038318256539
000708 0.005423662773724601
600744 0.005410424645026262
603456 0.005406611823641818
600661 0.005406595878762832
300153 0.0054026138200141995
300493 0.005401275538271022
002221 0.005385610422727415
600822 0.005383826234895707
002101 0.005381229175691239
600463 0.005370621443673484
603817 0.005369937500932327
300537 0.005355224765116172
603033 0.005354379896869694
000524 0.0053538811173978445
000972 0.005340187745083035
300169 0.005326118696965131
603199 0.005319130569394868
000831 0.005307837340896017
603577 0.005303979039747794
300547 0.005303534781634095
603298 0.005295589084399723
600547 0.00529518174238814
300458 0.005293329756539277
000825 0.005282682503932398
300106 0.005278070255909895
300020 0.005272335259866005
300258 0.005252865530559229
002250 0.00524348967787041
300211 0.0052380252123649575
600846 0.005236451301579537
300371 0.005229834848289072
600211 0.005226506487494387
002329 0.005216580778582667
300303 0.005214170500688713
603611 0.005202120910028002
600006 0.005196464626027453
002614 0.005178672702684781
600189 0.00517473561352364
000498 0.005164844036826105
600698 0.005164475570806678
600126 0.005162849666873227
603698 0.005161197651950791
603818 0.005142981896602882
002181 0.00512874911727507
603819 0.005109540738162039
300397 0.005109486540076379
002863 0.005109180404116525
603078 0.0050933479222202045
000628 0.005088577016793605
300101 0.005069951193310045
603517 0.005068620404819559
300251 0.005066769956818679
600677 0.005057575086350564
002828 0.005050239568341419
300488 0.00505007957547743
002314 0.005045225124053089
600855 0.005036157751458645
000680 0.005031398962174248
002384 0.005024687773366903
002425 0.005021320517594208
002699 0.005013690797262327
000030 0.005011222698144191
300160 0.00500910112426981
600218 0.00500784095341552
603040 0.004999364806225846
300417 0.004983619913481096
600965 0.004981672296996005
300629 0.004981054814284331
002337 0.00492526478225482
002475 0.004919734945653993
300064 0.004916487872706496
600621 0.004907398414694366
300243 0.004897807569664106
002227 0.004890721538967203
600225 0.004876715739028497
601633 0.004863782274383286
600595 0.004862536652541846
600500 0.004842717033743123
002480 0.004842703324907606
000963 0.004837375487975153
603538 0.004833807577799791
300455 0.004826146476550507
603025 0.004822963933197489
000652 0.0048223110359501015
300310 0.004809112329626221
300175 0.004801881804659876
600650 0.004800906510204881
002161 0.004786365520210497
002591 0.004777470335899198
300264 0.004765853850049394
600856 0.00476086444472593
600765 0.00474843129522309
002618 0.004742827957554999
300487 0.004741449126600815
600405 0.004730252670848511
000159 0.00472186552707002
300573 0.004718910547085757
000539 0.0046990647014734255
300507 0.004697273849606219
600353 0.004685326068990877
603887 0.004681706711658342
002522 0.004664434356995879
002628 0.004658853377006096
603160 0.0046555604309072
600826 0.0046461908800108365
603165 0.004646148692531474
600338 0.004641735390006901
002593 0.0046384884768051506
002318 0.004637253267781067
300210 0.004633758608037776
601857 0.004633163069824026
603519 0.004631564555438459
600408 0.004601566835137917
300584 0.004600176822673571
300378 0.004597868323107638
000639 0.004596934163183493
000668 0.004595891021344233
002785 0.004592112861261852
002487 0.004589978380099001
000631 0.00458836253580421
600396 0.0045795292928301114
603528 0.00457895576748042
002413 0.004577439986362933
002753 0.004568124384469376
300311 0.004561939322511019
300638 0.0045543030410988925
603903 0.004542141794424779
300501 0.004539258281743419
002853 0.0045377627943829334
601700 0.0045360591119706015
002561 0.004535744142857798
300380 0.004522443403554304
002423 0.00449152221774852
300179 0.00448855090880621
000997 0.004472148758055319
000980 0.0044653251354648
002549 0.00445991162889273
601766 0.004456864123614785
300519 0.00445155323050528
603311 0.004449649387986766
300036 0.004449175555744018
603839 0.0044419019402620625
300234 0.004439178873596404
603228 0.004430281787377923
300099 0.004426585465492109
000951 0.0044260641737717005
603299 0.004422129781697889
601038 0.004413114073412496
300532 0.00440994611116958
603689 0.004406587198010405
603806 0.0043993553392053
600616 0.00439442347258279
600153 0.004382276429599529
002801 0.004381330572340742
601555 0.0043797707850996275
300577 0.004373058974324299
002825 0.004371240077001201
600713 0.004369457313117208
002523 0.00435982082475094
000531 0.004353933657063125
600090 0.0043493623752768225
002708 0.004337081192337151
600737 0.004336376531449122
600351 0.004335585012248174
603520 0.004333726862627124
300368 0.004327996988035069
000878 0.004323724047497635
002225 0.004312625085136579
000921 0.004309199165149763
300525 0.004299643840497977
300590 0.00428898501013821
000918 0.004284076891144559
002306 0.004283253097344156
300529 0.004283204120089574
002651 0.004264916456574149
002809 0.004263437201214276
300512 0.00425988179288885
600150 0.004257802438205614
600711 0.004256377723146663
300212 0.004247484626489445
002703 0.004240988782009824
002851 0.004239832230507204
000989 0.00423811211924998
300622 0.004224333343635886
002253 0.0042222648682628695
000060 0.004220732535389429
600602 0.004218864940486454
002573 0.004217355704553172
600439 0.0042045751209301915
002333 0.004179542720778966
002598 0.00417942407537134
603618 0.004174305898443625
300105 0.004172505791154111
603159 0.004155438608820195
002763 0.0041544029685378365
300431 0.004152011226297929
000983 0.004146747215549173
002373 0.0041431535897316595
002126 0.004139687562140684
002762 0.0041202751996001815
600592 0.00411888492529185
002121 0.004114533994779091
600053 0.004093680170646579
002386 0.00407479571892564
002058 0.004071449969138273
002207 0.004068220471487945
002484 0.004063156733949049
300114 0.004062739890475037
300277 0.00406093922329713
000638 0.004058789644849355
002166 0.004051444322171275
002364 0.0040467866046979585
300237 0.004035532879486426
603929 0.0040275850697529935
002696 0.0040217521788187775
300375 0.004020741017777373
002829 0.0040178249533609454
002639 0.004016426573217187
000922 0.004009822865982457
603158 0.004006078131454691
002771 0.004002286493877507
601958 0.0039924302466718565
002490 0.003990048956011677
000021 0.003988525910332125
600747 0.00398594271933846
300080 0.0039755975228830485
300018 0.003967619342838026
300006 0.003967221663773252
002539 0.003961005919413242
002248 0.0039572740521642575
002205 0.003953228190712914
600110 0.003946749228232368
002714 0.0039452707107631955
300463 0.003937661206053917
600251 0.003924469306702892
600280 0.003919395125772256
603567 0.003916770084137315
600477 0.00391391901872863
002320 0.003913238577521351
002278 0.0039041611947606553
300546 0.003902690885559756
603258 0.0038997711438136084
002716 0.0038874800748231013
600833 0.003886286459942049
600469 0.0038858393118539735
601618 0.0038814032403497456
603303 0.003880633920341799
600789 0.003880518601912731
002097 0.0038798748743981565
000046 0.0038742713231849062
300419 0.003872529296989143
002747 0.0038715314117417753
600385 0.0038609378208173967
002557 0.0038589192901534747
000657 0.0038538476732956368
600685 0.003843762626139998
600064 0.003839616664973967
601699 0.0038364355929896028
002695 0.0038316884550310213
002163 0.0038257880426216667
600613 0.00382352986049281
600182 0.0038196295869763006
002817 0.003818366472092166
002369 0.0038086834253197015
603808 0.0038001874033666543
002288 0.0037968841530707526
600816 0.0037865889990019077
002767 0.0037811774613130383
000782 0.003778589651617507
000407 0.0037729247405068785
600505 0.003770635893348912
600758 0.003765724248330828
601515 0.00375835496821093
600526 0.0037360656983914664
600897 0.0037344719502802205
002258 0.0037336776049638476
600403 0.003733047251261997
000691 0.0037327115026908712
000020 0.0037292877137950816
600836 0.003728207985591982
000912 0.0037253126447212726
600768 0.003723291969322305
600392 0.0037168485595389603
600860 0.00370801789105908
600783 0.0037005837155730543
002374 0.0036997527487377356
300327 0.003695078630900432
300636 0.003693224137858433
002404 0.0036841664027712755
300275 0.003679949158724655
601188 0.0036766851867510598
600900 0.0036764923703087697
300015 0.003674884853449729
603822 0.0036730228587995347
002209 0.00367048187614236
300591 0.003670117712956068
002841 0.003660512417004746
601158 0.003659216523584965
000670 0.003657668567594882
002583 0.003652903346041684
002800 0.003652295902614776
300139 0.0036505144466011923
603600 0.003648614791117598
002590 0.0036466200161391054
603308 0.0036390631327479495
000048 0.003629307118289196
603318 0.0036283542403286236
603716 0.003625998432045299
000758 0.003625126706910616
300136 0.0036167048504957017
300112 0.0036165110990748935
002127 0.003610453573745223
600328 0.0036076662252330725
601500 0.003606884359384622
300008 0.0035974457370455976
300391 0.003594252326213134
300356 0.003594224378697301
002540 0.003572912292232208
300295 0.0035694411364379838
603203 0.003563761234005246
603555 0.003549679293125123
300034 0.0035418877121161114
600821 0.0035389682811651554
002453 0.0035302644288839977
603588 0.003519224427983943
002249 0.0035161950412162715
601231 0.0035148537339172326
600466 0.003511360871741807
600345 0.0035071264335108654
600083 0.003505981928104961
002088 0.003498960624748226
002057 0.003491254703425673
002235 0.003490178497987559
600380 0.0034859373222378993
300353 0.003439600230690133
000968 0.003435553692307714
000987 0.0034308795960711815
300027 0.0034284650196029394
002062 0.0034232133115677642
000780 0.0034136238732879187
600876 0.0034126925200813774
300572 0.0034079095619126473
300206 0.0034035017940850596
300511 0.0033909731456488196
002118 0.0033895207966053564
300028 0.0033890399106533426
000558 0.00338069386478425
000417 0.003378607312674182
002843 0.003366501718858798
603660 0.003344028550709888
600391 0.0033350026776303686
300081 0.0033233344544130166
000672 0.003312033176211199
300241 0.003305864476651708
000788 0.003295151919648123
600048 0.0032899932219430782
002024 0.003288281121651141
600615 0.0032871494918237393
000789 0.0032684406575949725
600281 0.003259826071987432
600612 0.003258520359917168
600257 0.0032580058114004048
600630 0.003257756786034941
600640 0.0032457601275347123
300399 0.003241657808176616
000042 0.003235110467942932
002563 0.0032277098760221563
000819 0.00322439167362327
603319 0.0032230470878855406
300447 0.0032113677718520212
600399 0.003209673113383228
600303 0.0032055553431490514
002520 0.003198612653762454
603606 0.003188859055578112
603421 0.0031839932485086975
002786 0.0031806633856196267
000715 0.003175465271432946
002378 0.0031720542274620254
603167 0.0031700412480396827
600665 0.0031619485598951124
300443 0.003157178501366988
600982 0.003138471273517107
600985 0.0031348944752334195
600571 0.0031328843005574893
300513 0.003123640003612522
600446 0.003122245322558507
600628 0.0031208225625177707
600797 0.0031093276253893395
600877 0.0031038597050692535
600348 0.0030870045786087364
601800 0.0030837151837377307
600329 0.0030586202386998895
300249 0.003054405790255916
603315 0.0030532651388798914
002215 0.003053048238121414
002722 0.0030477870106714305
600133 0.0030468116183255244
600483 0.003023452594333712
000150 0.0030214771370318007
002274 0.0030171455837119127
000488 0.0030160479950916644
600195 0.0030119517167928756
300615 0.003004976405294806
600573 0.0029978432383251964
300497 0.0029960454391517403
600639 0.0029948280947637903
002452 0.002988333777912704
600760 0.0029782225725094
603001 0.0029774347239633035
002357 0.0029728397942391013
601881 0.002970814772240071
603018 0.002958665213222066
300387 0.0029494353312924746
600378 0.002945780008135411
002192 0.0029387259962788802
300374 0.002930886840496621
002495 0.00292946020724052
300623 0.0029244158498844697
002204 0.002918804501317679
603788 0.0029085299037526057
002719 0.0029076971130460195
300528 0.0028987305145511625
600804 0.002895338260980042
300316 0.0028918568959577715
300078 0.002889826404636151
603039 0.0028853306734605132
000626 0.0028845979033486364
600857 0.002880428533052733
002292 0.002873048550311782
002532 0.0028717293948491186
000910 0.0028606104169839955
002401 0.00285927258485519
600862 0.0028502922755284845
600171 0.00284645494359379
600409 0.002839012199772152
600131 0.002832964358493251
000930 0.002829359593916024
002026 0.0028288911639326956
002421 0.0028235750850914235
000049 0.0028230743834141946
002529 0.002816598847241048
000068 0.0028092932825855062
000815 0.002807802005072241
603858 0.0028023666450902353
000757 0.002801759907993329
600605 0.0027999565390410264
600778 0.0027756963805254647
600688 0.0027665640217118034
002317 0.0027659454914311567
002725 0.0027659146750010997
300427 0.002763867200815057
300358 0.002762837253629205
603708 0.0027546197025280477
600339 0.0027477279762545184
002186 0.0027423514326780918
601015 0.0027283572995946727
000859 0.002720259029474757
600549 0.0027197691376319236
600486 0.002711124315557246
603358 0.0027097700959336554
300553 0.002706355890717502
300385 0.002705889744554898
600128 0.0027048147225239346
300047 0.002699552866019193
603035 0.0026977942365015075
000700 0.002687383376848731
600987 0.00266813442276825
002515 0.002667272574510219
002698 0.0026585038258833543
300066 0.0026577675460858173
002276 0.002654569947785212
000712 0.002648754502191984
600269 0.002647754307192043
601689 0.002646970606326328
002394 0.0026248321871181583
002526 0.002622622563156452
002379 0.002620563499026323
002488 0.00261390104977381
600858 0.0025943521082302298
603558 0.0025927246122336833
600382 0.0025795827812464082
600805 0.002578531998690705
000998 0.0025769702756731645
300570 0.0025650142279940013
600346 0.002561173665389313
600996 0.002559046757584402
300045 0.0025578224762569813
002139 0.002554439456929635
600069 0.0025522049014572896
000906 0.002550637021329129
002603 0.0025486164652119593
300120 0.0025433377834720387
002726 0.002533832509872864
600322 0.002532436370663289
300181 0.0025252141179454464
300276 0.0025223738830700265
002084 0.002521927051110536
002711 0.0025184838305981772
600739 0.0025163097210596386
600575 0.002511114680889319
002287 0.002505851443808566
603906 0.0025051768691863423
601168 0.0025037073663998644
600741 0.002500859747742319
300585 0.0024938560076036183
002507 0.0024891472526053365
600701 0.0024889196675929575
002471 0.0024870824866076603
600021 0.0024869551247256785
002798 0.002486552169452908
300359 0.0024812636897918496
002266 0.0024745919580148167
002066 0.002466169712646911
000560 0.002462545464351493
600106 0.002457926704669787
600818 0.0024546477075672417
000012 0.002446325173967801
600679 0.002439300879265348
600130 0.0024333924418512894
600693 0.002431387468189208
002498 0.0024304946325898347
000632 0.0024265140588504656
600675 0.002425227197659051
603737 0.0024232037490107914
601666 0.0024212089250340834
300204 0.002420615250463564
000927 0.0024203740556738487
600278 0.002412551844521108
601611 0.002409028086009863
002349 0.0024041189225297663
600368 0.002402932879518486
300283 0.0024027664805277016
000510 0.0023929738274603984
600984 0.0023850113463216704
300123 0.0023842319747971186
000596 0.0023832038461169547
600369 0.0023709839768369396
600814 0.002366333985283334
002449 0.0023568652796099442
002079 0.002353461828102591
000751 0.002350637238972735
002197 0.002349231571266406
600209 0.0023486031689624407
600111 0.002341543904953015
600222 0.0023400806228823477
600390 0.002339540053623716
600127 0.0023394520991409113
300127 0.0023334188516717317
300429 0.0023323644782226732
002556 0.0023229587914009014
603088 0.0023208472587954547
300270 0.002320238718837653
002534 0.0023159364804821777
600637 0.0023147155869585913
000861 0.00230903823564965
002214 0.00230427268996917
600557 0.002303914393348412
601177 0.002295800546790225
300561 0.0022905499230246023
300304 0.0022827101154807555
600237 0.0022825393453120863
603991 0.002277437822416217
002444 0.0022749249704374624
600886 0.0022740909288697393
600680 0.0022370517281326396
600420 0.002231948898331648
603309 0.0022283403780176004
601918 0.002227733214498602
300617 0.002226548247380838
000812 0.0022258847283502057
000582 0.0022217590070965267
300255 0.0022199289987287745
002731 0.0022150711614314124
000753 0.0022057346815196107
000532 0.002205678782835339
000555 0.00220508649375906
002668 0.002204012765880888
002481 0.0022030421215760102
600763 0.0021989890165000654
000516 0.0021973020258929717
600722 0.002187000656608054
600558 0.0021858219049806383
600967 0.002181400871312869
600649 0.002180061960182887
600830 0.0021791371072193335
603883 0.0021673393351488903
600180 0.002165748757903905
002612 0.002161634275437028
000411 0.0021593124864338915
600495 0.0021505955360627722
603678 0.002144099891185287
300165 0.0021378416538378724
300389 0.0021205912790079936
600159 0.002116252841148478
600193 0.0021141957488000542
600626 0.0021082146592633303
600620 0.002099159751888109
002645 0.0020962292555835402
600651 0.0020953504060570952
002408 0.0020868824327723978
002470 0.0020867272614630856
600981 0.0020853300989046083
300171 0.0020799982540280447
600869 0.002078963542018475
002770 0.002078658606294529
002672 0.002078428164431661
600811 0.002077879891679249
000966 0.002076009202904917
601811 0.0020696267157975998
002322 0.0020622751101553663
600075 0.0020621027003566873
300042 0.0020593332751961454
300355 0.002058957382254409
603026 0.002058030090417556
300560 0.002055571150324965
000759 0.0020546794145245607
000505 0.0020443666917196023
300346 0.00203297454260141
600597 0.0020324955515602875
600531 0.002027986413039881
000969 0.002027400331240053
300631 0.00202724396462837
000936 0.0020258684373999723
002308 0.0020243775969573004
000818 0.002020045373942755
600360 0.0020171926320533794
300575 0.0020163409693190835
600506 0.0020148124404075016
600423 0.0020113286262291395
002328 0.0020025103957142174
300132 0.0020017090914837173
603416 0.0019994031858930218
002111 0.0019914785562004846
300521 0.001990565911915222
000551 0.0019888293808407037
002019 0.0019868513294139887
000429 0.0019859418232515014
600647 0.0019752077768873805
600755 0.001968095161692036
002291 0.001965797618653021
002789 0.00195877205351345
600300 0.0019579639887779016
000798 0.0019482166729290987
300610 0.0019429401594811442
600831 0.0019379240403648527
603993 0.0019350885662801128
300178 0.0019338757746346896
002164 0.0019256279945582388
600715 0.0019245039034508794
601677 0.0019209379047527078
603012 0.0019202774956855323
002332 0.001919368992495592
002840 0.0019160513140686689
300056 0.0019154388183043932
002398 0.0019135426080892828
002096 0.001912917836370374
002324 0.0019098615773707212
002238 0.0019061274700239907
600333 0.0019059986434221427
002038 0.0018989033128540608
000738 0.0018980940531262026
002269 0.0018915923837417407
600530 0.0018899184553756304
600421 0.0018894811148543657
002688 0.0018887375224733265
300527 0.0018777488843953662
603568 0.0018724784932167542
002108 0.0018705383816741226
000637 0.0018629581228523703
002172 0.0018629537600403107
603218 0.0018607116074326
300551 0.0018586826136375734
000739 0.0018490204598431703
300435 0.0018406499546772866
600695 0.001836203310873247
601313 0.0018312769668623451
002045 0.0018299930086113619
300403 0.0018272982472193281
603990 0.001827257836090829
603338 0.0018252354911456135
002690 0.0018207392014738498
002560 0.0018172777513367436
600156 0.001816806832213285
600275 0.001814952244620095
600801 0.001811680820742019
000933 0.0018084843122576806
002657 0.001806493926629871
603017 0.0017950208794349394
002760 0.0017873289303086768
603038 0.0017761182678744745
002580 0.0017606358401702944
002119 0.001760282806999327
300598 0.0017578192230052019
300242 0.001749256214295388
600116 0.0017486199689353086
603969 0.00174492279906969
600229 0.0017424863452228795
300406 0.0017394649072254385
601226 0.0017295232101901484
000426 0.0017256955247785775
300456 0.001725624492228883
600197 0.00172349562808999
002793 0.0017194832808939166
600642 0.0017127882291800983
002132 0.0017039918939413656
000045 0.0016959329093831112
002448 0.0016942438540103865
002629 0.0016851164377296567
300321 0.0016820506116307556
601179 0.0016767219746285662
000899 0.0016737870670549704
600331 0.0016721188851940225
002454 0.0016678073452101125
600488 0.0016654315651272959
600978 0.0016544759534974519
002538 0.0016534826074858875
300569 0.0016510524485892335
300307 0.0016486463039710499
603609 0.001647307370475323
600501 0.0016436805979127538
002516 0.0016418895838012388
603085 0.0016385072762364339
002849 0.0016375321737572331
300232 0.0016374609351092768
601908 0.0016290154054144947
002717 0.001623882659258528
002226 0.0016196252060116517
000829 0.0015944893521453885
603355 0.0015941204902874678
002491 0.001592426732621638
300005 0.001578087508489076
300386 0.0015656773391145226
300329 0.0015614769730165328
600746 0.0015607692296664873
600082 0.0015564127957459779
000543 0.0015524425430875968
600817 0.0015428570157822157
600538 0.001539965729868498
601600 0.0015229440501728173
600936 0.0015120315785607016
002469 0.001511739324982957
002245 0.0015103820061791902
601678 0.0015068994776885388
603886 0.0015018485615310943
002397 0.0014964369035414642
600487 0.0014952625363219823
600105 0.0014790685240385643
000669 0.0014788235544909538
000564 0.0014772819340841126
000525 0.0014684382184625751
603369 0.0014645417225542107
600178 0.001459696567189613
002411 0.001459146158850606
300131 0.0014476418915308192
000627 0.0014444857966553724
603701 0.001426727989258825
300122 0.001408605361842256
600149 0.0013999077455092417
000419 0.0013908683400435037
600800 0.0013898503964113774
002755 0.0013898008228063162
600316 0.0013875492709401385
002156 0.0013849456719117696
000970 0.0013816955945716147
603878 0.001366769758143569
000620 0.0013617935419650753
603986 0.0013502234050689742
000070 0.0013456087397177886
600510 0.0013437664212346337
000410 0.0013322894322360928
000795 0.0013280323963600661
002775 0.00132438668997213
603828 0.001323753589612833
002632 0.0013203707644695913
600582 0.00131737580314799
000430 0.0013062200604986168
002607 0.0013024569528088687
300394 0.0013019871161154568
600151 0.0013013015195025585
300581 0.0012978205574796977
600232 0.0012960943727841154
300058 0.0012909241311398739
002769 0.001286596591247002
300317 0.0012853996887565392
002336 0.0012836269197072786
601985 0.001281342393648183
300094 0.0012803422878182088
000909 0.0012774867752342774
600026 0.0012769104886164416
000554 0.0012704264786687538
300079 0.001268952333825955
000810 0.001262593055778206
300499 0.0012621412533824258
002107 0.0012620502803485766
603789 0.0012617167114855037
600868 0.0012593663318363688
300293 0.001258850324949188
002199 0.0012558072303835589
300113 0.0012554141527941556
300609 0.0012548151646444
000338 0.0012520679656669465
600532 0.0012493185840826322
002405 0.0012482665855946453
603639 0.0012433492600171236
002554 0.0012394459200681853
300013 0.0012359862942192025
002858 0.0012145162760320086
002315 0.0012129702581558325
603718 0.0012109860804469276
000581 0.0012073246400120495
600326 0.0012037650294472822
300494 0.001200780608615103
600125 0.0011900199138566627
600668 0.0011894354879803948
000514 0.0011879634375851923
603022 0.0011825447844577824
000905 0.0011792352683996123
300328 0.0011774861271653166
002459 0.00117685257706868
002155 0.0011634020360837653
002848 0.0011611720146207337
300559 0.001140975007548171
002541 0.001138953000426119
002036 0.0011379463126045975
300214 0.0011375989418859669
002183 0.0011363110794381445
600198 0.0011342018557699788
600371 0.0011325082195036001
300219 0.0011243369816777652
600712 0.0011214808674195956
603826 0.0010925524269833412
600051 0.001087814791115851
600975 0.0010873445452574664
002191 0.0010829036837154884
002489 0.0010767547534572385
300582 0.0010716047631598256
002455 0.0010671442819203993
601595 0.0010589837432569572
601368 0.0010555869848676673
600569 0.0010527508261133026
600170 0.0010476723104881815
600909 0.0010466153816617151
002133 0.0010408746126529984
600231 0.0010361444435467524
600373 0.0010360292371635136
300347 0.0010355072538843647
002430 0.0010347081355712353
600774 0.0010140675623865562
600248 0.0010062135474565633
600988 0.001001047821430007
603669 0.0009983516855489368
000967 0.0009972056864143552
002002 0.0009957639296898062
002213 0.0009863274905621226
600101 0.000985475659373989
000545 0.0009843283192223842
600305 0.0009824989530485828
600249 0.0009793227740098349
002791 0.0009766157309132797
000520 0.0009673665021772606
002788 0.0009668773012030552
002177 0.0009668347986447837
600838 0.0009652618951388418
000923 0.0009627654840246198
600459 0.0009585809634867614
600287 0.0009482775329789847
600815 0.0009468521363577061
002757 0.0009467730007486266
600191 0.0009443201974045235
300357 0.0009401030135247884
603585 0.0009358144265460572
300608 0.0009349670332027635
300155 0.000931688723672398
600793 0.000926686148612953
300200 0.0009247054642762906
300093 0.0009241950186689996
002461 0.0009171223445426906
600429 0.0009068612474892931
600502 0.0009052210916894558
600517 0.0009033984551048719
000960 0.0009005246905526443
002662 0.0008974705878805767
000850 0.000896445248211062
300280 0.0008933774438556318
300396 0.0008916660034704489
002220 0.0008906915074532382
002178 0.000881834609621138
300247 0.0008772567795634553
002124 0.0008763155172171744
300222 0.000874455938095221
000962 0.0008584329347814997
600361 0.0008541597686946116
002659 0.0008516518505031906
600117 0.000845293050820841
300460 0.0008417736708104997
601198 0.0008377462077442995
601969 0.0008283935143002016
600562 0.0008192006822131045
600601 0.000818554950441865
600077 0.0008025641662768521
600958 0.0008005917055776603
002422 0.0007984817462417942
600256 0.0007874673261168124
000915 0.0007866037336280909
002330 0.0007835110694843547
002363 0.0007760686709086754
300318 0.0007703840950012142
603385 0.000770192682447492
002347 0.0007699888659568905
002367 0.0007572159587355357
600118 0.0007569720990947115
002441 0.0007537351021215943
300415 0.0007516855092673715
600845 0.0007506430483353536
000863 0.0007452286933658115
000026 0.0007376529427022289
603208 0.0007359016282667188
300071 0.000733370500309272
002103 0.000732314573093043
300540 0.0007204081940055795
002646 0.0007129830231694112
600578 0.000699194350273484
002730 0.00069527519152289
002732 0.0006914388117506432
000702 0.0006899773005910968
600708 0.0006824845894561997
002001 0.0006692750810896632
300483 0.0006615528824503013
002528 0.0006568793252319117
603843 0.0006567422376782626
300354 0.0006555224828270843
600585 0.0006493175683731211
600689 0.0006467533698125884
300405 0.0006384462671108881
002727 0.0006334404682839714
300239 0.0006310275276444968
002106 0.000629764789228271
000523 0.0006264660442772355
600493 0.0006201029864955441
600513 0.0006068360267835436
600884 0.0006028812844220549
600850 0.0006024566649576353
002371 0.0006013707894473707
000792 0.0005982984666641298
002008 0.0005852854344535613
300522 0.0005786476920380933
600775 0.0005620201351629901
603798 0.0005614680040632227
600223 0.0005599842705832012
603656 0.0005567277771241861
600299 0.0005537967334605359
600435 0.0005502470284696245
603508 0.0005489576812650072
603002 0.0005372146553315783
002509 0.0005210566039721802
600132 0.0005192660746184043
002822 0.000518039366069218
300602 0.0005163670546993043
603877 0.0005156726713057853
002660 0.0005074866947056104
600848 0.0005040795779958657
000995 0.0005040061449299565
601311 0.0004972016611419858
600633 0.0004961922658516058
300534 0.0004939431582652951
002500 0.00048417944563898876
600480 0.00048393581444031684
300124 0.00047767391850859
000619 0.0004773232369209429
000768 0.0004731661452091595
002640 0.0004699255978981489
000837 0.0004692860944082843
600059 0.0004662314036311642
600503 0.0004655763315204505
300095 0.00045927516463053
002585 0.0004514273522462364
000975 0.00044564072131683327
603118 0.0004418496239953669
603323 0.0004373481532130522
300272 0.00043654056298481417
000828 0.0004312104891329039
000919 0.00042564610705444
603866 0.000422364252407402
002078 0.00042232532961892014
603008 0.00042149350820401554
600010 0.00040856327379860946
600743 0.0004085201996551248
002060 0.00040340263341626104
002211 0.00040185614478507013
002061 0.0004009397732786784
603960 0.0003991227885690885
600879 0.000388009447154114
600622 0.000386333647917023
300439 0.0003831454821310674
300545 0.00037652612371768916
000939 0.00037552715948675243
002416 0.0003714402696816006
600796 0.0003670005870080907
300557 0.00036021391160281045
002035 0.00035541660574730204
600809 0.0003498722250374845
000616 0.0003487896303299605
601900 0.0003473173677781636
002465 0.0003355650122810732
002184 0.00033459515873220623
601928 0.0003340416395879887
000971 0.00033143398620198543
002041 0.00031775252989124127
600594 0.000304377372235206
601107 0.00029880926638563114
300436 0.0002902135899546781
002458 0.0002880065697645033
600667 0.0002869273698852901
002439 0.0002834643552522987
603239 0.00028030844296071146
002673 0.0002792678950409005
000418 0.0002647727662826501
601968 0.0002613191791051919
300129 0.000257973611265146
002174 0.0002575492205998623
601965 0.0002572520892678235
300550 0.00024842668999128063
300068 0.00022921894134393835
601579 0.00022181488025542657
002634 0.00021957385238357587
601607 0.00021361166525867697
002715 0.000213304427485057
600160 0.00020920530741969957
600761 0.00020064999913737593
002564 0.0002005678563350797
600518 0.00019962520272099119
000722 0.0001910237561339595
300086 0.00018452547606504985
300208 0.00018279359602028575
603999 0.0001790005413166481
601877 0.00017289120158816597
000408 0.00017139174683186535
603101 0.00016866655847991123
000978 0.00016822155975509435
600107 0.00015930294647381778
600271 0.0001559241074236585
600509 0.00015464901362456478
002434 0.00015327957902667826
000993 0.00014841439082309386
000031 0.00014307121533610814
601186 0.00013971212598502987
002510 0.00013823374647629373
600966 0.00013810822958427657
600120 0.00013570614346247213
600121 0.00012735903826804895
002157 0.0001269491595948958
600794 0.00012357682464326884
600270 0.00012168644269761747
002237 0.00011623542537281088
002092 0.0001100804091898732
000868 0.00010839241984339498
603578 0.00010541986568110041
300233 8.457780597063806e-05
300141 8.425955443223075e-05
600448 8.28708450726582e-05
600563 7.998361685946503e-05
002567 7.887237694462895e-05
600561 7.714928915117554e-05
600037 7.349076935392156e-05
002351 6.849684148913827e-05
600645 6.8316588927083e-05
002615 6.631814118751578e-05
002721 6.141872333172149e-05
300161 5.230083879189697e-05
603032 4.637819413828674e-05
603066 4.602157313972864e-05
002706 3.788768340793128e-05
300437 3.482952903795071e-05
000869 2.9072020025078596e-05
000421 2.6283330668220445e-05
600307 2.230547581406027e-05
002233 1.2292817209417009e-05
000900 1.0894702945721604e-05
002365 2.959762828616541e-06
600276 -6.027735807295764e-07
600091 -6.662456793799995e-06
300433 -1.2988740352984016e-05
000548 -1.648222358019251e-05
002648 -2.004813597779667e-05
603015 -2.2937068052354334e-05
000550 -2.625954600941026e-05
000403 -2.780246176220698e-05
600960 -3.759643117173632e-05
600854 -4.166434172060522e-05
002574 -4.7643480536129976e-05
000903 -5.221572460962533e-05
002705 -5.269816634939119e-05
600787 -5.501543254997701e-05
002105 -6.23982204933319e-05
002565 -6.84799716440046e-05
601890 -7.424778122113763e-05
002152 -7.648788094981492e-05
603778 -9.050367744946504e-05
002697 -9.443601488979929e-05
600206 -0.00010197368223983233
601163 -0.00010298628748157783
600359 -0.00011025273848722095
600565 -0.00011403632357699645
600363 -0.00011623255046508581
600343 -0.00011693371087571208
002053 -0.00012065627990078855
600119 -0.00012209262677400495
600327 -0.00012397307949904394
000601 -0.00012826272545172872
600867 -0.00012835708594859455
000650 -0.0001305500378811185
600313 -0.00013508544101031687
000718 -0.0001511553962187627
002234 -0.00015494449927274702
300248 -0.0001554793495695938
002344 -0.00015636870359373584
600108 -0.00015680940002383084
600467 -0.00015902227341750737
600358 -0.00016821180205054374
600699 -0.00016868343207661514
603599 -0.00017822405916195772
300390 -0.00018482585796938782
603979 -0.00018930155370426062
002095 -0.00019383849456197123
600482 -0.000193964989544557
600596 -0.00019445345158078213
002151 -0.0002065647637799345
002493 -0.00020824406285421988
000056 -0.00021128279293581957
002327 -0.0002142480301101212
603898 -0.00021937165562336235
600997 -0.0002196554359500131
600748 -0.00022936563386372413
000877 -0.00023046534740884562
600428 -0.00023126489936869596
000713 -0.00024273519031324
300424 -0.00024762726371746306
600567 -0.0002491451401484771
300541 -0.00025558831642466355
002677 -0.000260379719800077
300286 -0.0002631482647685295
300074 -0.00026392875599528555
300479 -0.0002648064152636371
300558 -0.0002651220181134912
603569 -0.0002662951970845689
600397 -0.0002687150024244609
600819 -0.0002733534242685149
002644 -0.00028012509415779527
300326 -0.0002810440172415496
300117 -0.00028257035239049287
600060 -0.00029813358812975227
002354 -0.0002988740830716253
002032 -0.00030344004426343003
300070 -0.0003184231397041822
601997 -0.0003238660512303454
300048 -0.00032441599746704797
002474 -0.0003317311762952163
600007 -0.0003338394601485762
002003 -0.0003362128154927417
600548 -0.00033911071859021695
300441 -0.000342447228275455
603518 -0.0003564801809725609
300485 -0.00036872078358004233
002285 -0.0003688178419410538
002216 -0.0003708101435439797
002251 -0.00037762226344012495
600576 -0.00037971380174854803
000016 -0.0003841206217274993
002518 -0.0003862692562207528
002419 -0.0003866991419982004
002145 -0.00039740994279570223
002472 -0.0004065106247838155
002713 -0.00040824484120715286
300162 -0.0004144201206623208
000027 -0.0004186320198366327
002724 -0.00041888450060084334
300083 -0.0004231784960388226
002201 -0.0004233151955136249
002701 -0.0004289209840464634
600986 -0.0004304277561052519
002674 -0.0004314729900025873
601519 -0.0004372515882486612
000008 -0.00043796502313214747
300196 -0.00044701589011939685
002326 -0.00044741748098870403
002228 -0.00044929471052250133
601999 -0.0004494907007821774
601002 -0.000449825746237616
603117 -0.0004500429866474299
000683 -0.00045722465035424875
600523 -0.00046067216112416313
600272 -0.0004608206798063213
002483 -0.0004622405085818442
603515 -0.00046228382728944264
601616 -0.0004633909973243838
600352 -0.00047567971073201806
002734 -0.00047838753653506837
002613 -0.00048031824267271393
300246 -0.00048199735545468615
600499 -0.00048671320792801655
002462 -0.0004939105314320999
000587 -0.0004945975747924752
600308 -0.000494662612484419
002609 -0.0004964892448769253
600889 -0.0004981700119192443
002778 -0.000501547046220947
600312 -0.0005034231424056786
300189 -0.0005324132370156526
600058 -0.0005334606790392913
601018 -0.0005355644579130604
601789 -0.0005358738379509492
002153 -0.0005369022572230178
300184 -0.0005447135321004579
300002 -0.0005527868119680635
002176 -0.0005574092343723237
300305 -0.0005576721337263637
603556 -0.0005578071255214843
603918 -0.0005584806438139744
002353 -0.0005586243832819224
601886 -0.0005601890242951726
002687 -0.0005709459943510197
600310 -0.000572243989319595
300226 -0.0005776321748281379
000826 -0.0005798768813684036
000625 -0.0005798921855560153
600311 -0.0005816956459398972
300502 -0.000585589668161527
600872 -0.0005933141353160545
300253 -0.000594068523958111
600350 -0.0005954066712694685
300090 -0.0005964206741510235
000065 -0.0005998422785324035
603589 -0.0006001542961285699
601798 -0.0006004865538998174
300097 -0.0006006183094018885
600577 -0.0006013710167223109
603663 -0.0006017879931083936
600298 -0.0006104159698259292
000592 -0.0006184698310493768
603099 -0.0006184999090050533
300154 -0.000632802821715189
600389 -0.000638707493420064
002630 -0.0006423306207648961
601989 -0.0006428820973372017
000090 -0.0006521784240706898
300442 -0.000654446720484288
600823 -0.0006717672922436965
300336 -0.0006899862190100688
600081 -0.0006933283225032134
603637 -0.0006946204951503859
600461 -0.0006959178456124333
002241 -0.0006968336199754052
000735 -0.0007005594275637742
600436 -0.0007053965165309244
600099 -0.0007056462434510812
600584 -0.0007077823812821505
000762 -0.0007287003836198274
002550 -0.0007293195547021427
002627 -0.0007302147654274036
600798 -0.0007407932259664591
600161 -0.0007429061787872244
001979 -0.0007483643759724438
603188 -0.0007520907123076508
601007 -0.0007521800288405617
300426 -0.0007526877475050719
300245 -0.000752882404584149
600479 -0.0007559993946699029
002403 -0.0007565228309278759
300073 -0.0007584422746414743
600288 -0.0007628625944614623
600880 -0.0007677243969339675
002683 -0.000768757124156581
600103 -0.0007713158783826113
600519 -0.0007779523371950654
000607 -0.0007901378971498247
600455 -0.0007953087616984055
300035 -0.0007959604949538662
300032 -0.0008012449283910789
000727 -0.0008153894741958542
000886 -0.0008154050073243702
601128 -0.0008157331504042107
600662 -0.0008200628786994759
000530 -0.0008263839439373224
002295 -0.0008312237128997105
600973 -0.0008344876920186699
000665 -0.0008356579496076287
000756 -0.0008380992185429148
002037 -0.0008419675411258081
300520 -0.0008433168868243728
002286 -0.0008463742582307792
000882 -0.0008578917561080663
600720 -0.0008599043086209915
000835 -0.0008678542493684282
603987 -0.0008683058303832081
601369 -0.0008847776262036998
300579 -0.0008877376412246337
000156 -0.0008901380551701709
300069 -0.0008916584453627615
600452 -0.0008980453430175537
600825 -0.0009039602981875793
000807 -0.0009065988010049826
601518 -0.0009224938951957421
002202 -0.0009319526146762975
300365 -0.0009328299675799585
600078 -0.0009380604311560944
600757 -0.0009395393005669755
002081 -0.0009435016144257284
300369 -0.0009520486819590696
300376 -0.0009530406838914752
002170 -0.0009586064566703117
000599 -0.0009594925184819667
000636 -0.0009653192524058107
000039 -0.0009659087102715791
300194 -0.000967931907341537
600515 -0.0009694510736979831
600074 -0.0009696851151973149
300202 -0.0009858523555268377
300053 -0.000991366579106593
603636 -0.0009944864372801315
600056 -0.0009971360980158663
603889 -0.0009992594155970418
002309 -0.0010002538348183685
300407 -0.001017600909886813
601222 -0.0010223620891872693
600184 -0.0010305750663710568
002839 -0.001030879661777324
601933 -0.001037769536525967
600038 -0.0010463936860598873
600990 -0.0010493253758009618
600098 -0.0010493918832169685
000913 -0.0010592804733797218
600295 -0.0010653447516161315
300408 -0.0010672238738879776
600138 -0.0010715590743991393
300332 -0.0010847560146193987
600135 -0.0010982511609483516
300482 -0.0010982663148250537
601636 -0.001110124590459928
002577 -0.0011179983204258805
600192 -0.0011215673882034108
000552 -0.0011537157575637873
600508 -0.0011607042190694798
600217 -0.0011693900733260754
600216 -0.0011892896927103314
002052 -0.0011919271662865442
601966 -0.001217057199979896
300185 -0.0012212822509971352
002313 -0.001227829871697405
600054 -0.001229435734775186
600260 -0.0012309569418724534
002579 -0.0012330788052376382
002050 -0.0012387004670423194
002437 -0.0012394016813385717
000006 -0.0012398931681509148
000686 -0.0012463632725074284
600995 -0.0012586745349309428
601126 -0.0012682073979783052
001696 -0.001270364029323884
600162 -0.0012726481263923145
600891 -0.0012759388410071267
600169 -0.0012774000779136666
002310 -0.0012841345047187851
000707 -0.0012965481302175657
600186 -0.0012972241239602635
300009 -0.001300924872211449
002440 -0.0013027715082014075
601218 -0.0013058532918704558
600088 -0.0013103497540489176
600234 -0.0013109336627388415
002370 -0.0013129014737898563
300075 -0.0013130291865827235
600644 -0.0013150462271437468
000050 -0.0013194317661550051
002623 -0.0013352767282898154
603901 -0.001345082359391566
000547 -0.0013550704154081938
600376 -0.0013559891878828483
600866 -0.0013688774640419708
002056 -0.0013690784660158823
600692 -0.0013847348397443109
600844 -0.0013953801727466155
300128 -0.0014077126283105791
000677 -0.0014135595787774322
601233 -0.001420693783751618
000667 -0.0014286207488484436
600398 -0.0014295320022018375
600012 -0.0014383506366676749
600268 -0.0014403699698943041
600648 -0.0014509165436987319
002503 -0.001476051052990303
300400 -0.0014774110133083402
002750 -0.0014774749276595268
002089 -0.0014777480812907832
002144 -0.0014841518868623105
600279 -0.0014853712062614256
600894 -0.0014926942901018706
002856 -0.001498052346527114
000014 -0.0015015170931698468
002456 -0.0015034396486934354
600723 -0.001505411821688108
000976 -0.0015085928721431585
000420 -0.001509643303680466
600235 -0.001518625739942275
300085 -0.0015239881554212995
600498 -0.0015241021470461889
000876 -0.0015379842073125934
002366 -0.001544787998017473
000920 -0.0015496139275351728
000856 -0.0015498271968191844
002527 -0.0015631699162590319
300215 -0.0015655973502332974
002492 -0.001570245941895065
000589 -0.0015715819685768705
002412 -0.0015765429618035441
002467 -0.0015820885108997745
000926 -0.0015919892974910607
600354 -0.0015922905873435884
000883 -0.0015929505445001924
603766 -0.0015937587486411307
601098 -0.0015945568844805092
300377 -0.0015965301658220927
002652 -0.0015966559729474871
600750 -0.001602046759942589
600097 -0.0016033997626617499
002850 -0.0016049650310769378
600589 -0.0016090958397334178
300285 -0.0016096282046143134
000911 -0.001614790789803082
300019 -0.0016184594467978427
000786 -0.001622701985068909
002597 -0.0016357993059091386
002653 -0.0016390431035464576
002104 -0.0016399955911436063
601588 -0.0016455897516031073
002303 -0.0016517447041665915
600004 -0.0016524809352574873
000955 -0.0016542324720619245
600177 -0.001659054423881836
600052 -0.0016616397928033936
300067 -0.0016691539397714738
600962 -0.001676365967793551
300330 -0.0016789200337125314
000040 -0.001679387820735373
600881 -0.0016815118189792092
002562 -0.0016862424086126742
002091 -0.0016873449291933008
002334 -0.00169784440045514
600200 -0.001699331521781788
600199 -0.0017011577719051405
603009 -0.0017064946554154392
300299 -0.0017136796415602625
603658 -0.0017145802200519882
600336 -0.0017157237275699875
000036 -0.0017165652960229663
002682 -0.0017186552683947191
601003 -0.001721559421586875
600718 -0.0017234497371291877
600187 -0.0017255399904587774
000585 -0.0017265212895269891
000726 -0.0017265357639349123
300177 -0.0017295996073137757
300182 -0.0017471204947494033
000537 -0.0017524424501858876
002655 -0.0017773712854741728
600917 -0.0017791156079472962
002087 -0.0017841036689037575
002093 -0.0017841703946131372
300382 -0.0017842165076035563
600587 -0.0017898954277741404
002537 -0.0017960124683184323
600031 -0.001805463099984821
002100 -0.0018071427968607157
002667 -0.0018111279070750028
002756 -0.0018117130120101268
300098 -0.0018123422206014405
600624 -0.0018151030323225962
600863 -0.001816054015997463
000563 -0.0018279251779543797
000767 -0.0018298728807179532
600581 -0.001834022077074158
600728 -0.001837171221904528
002821 -0.0018378199203892918
603579 -0.0018379506748288053
300077 -0.001839508979158998
601398 -0.001839767424146297
600020 -0.001856469781165453
600340 -0.0018640581072349683
000428 -0.0018842917382199172
300003 -0.0018898905565320027
000733 -0.0018906566327018901
601200 -0.0018928391269941508
300218 -0.0019003653289555687
000605 -0.0019024729355787313
300024 -0.0019028245538158049
600919 -0.0019106559277602582
000005 -0.0019154417110074182
002071 -0.0019162896031604728
300373 -0.0019268223072401074
002572 -0.0019296906016531782
000671 -0.001938793330145315
300228 -0.0019400211767951932
002158 -0.0019402330753292962
600684 -0.0019437611493786115
002531 -0.0019524151651387819
300250 -0.0019566981231857305
300190 -0.0019570983952797508
002033 -0.0019630775524009016
300049 -0.001973276428018784
603313 -0.0019761437575105375
600356 -0.0019820903750728
002566 -0.001985495324309255
600321 -0.0019935602757792503
603223 -0.001995098794864928
300197 -0.001996216235009925
600063 -0.0019979696902128353
300259 -0.0020040018185910006
002496 -0.002004904721714173
600785 -0.00200595317141683
300425 -0.002020406158793559
002218 -0.002026093450522572
002270 -0.002033436942991568
600259 -0.002034345144744213
300170 -0.002041553351063724
000603 -0.002048379016499527
002362 -0.002055348608224669
000851 -0.0020662925525270544
002807 -0.0020683128195679475
300350 -0.002070816673535796
600611 -0.002075801787351908
002042 -0.0020788276113376056
600839 -0.002082929671267041
600073 -0.0020845778566857803
600835 -0.002085272557760403
000400 -0.0020856151557080704
600979 -0.0020920717219586726
002069 -0.0021057062223224284
002859 -0.002114411674249285
600652 -0.0021353747278808604
300459 -0.002135611666914514
000088 -0.002143884936614363
002044 -0.0021452514877097033
600317 -0.0021503444504847617
600674 -0.002156583246592479
600598 -0.0021585830533529127
600381 -0.002162945319706804
600525 -0.0021660574505274815
600185 -0.0021721164001376678
300037 -0.0021769707952508325
600635 -0.002179531436600003
600433 -0.0021890793911169444
000929 -0.0021939260483459988
603955 -0.0022044848740292184
002463 -0.002217531427113062
002783 -0.002219786919605707
002736 -0.002241833060958782
000063 -0.0022448445644348385
601229 -0.002246520792551464
600226 -0.002246653951011926
600284 -0.002256425116630656
300421 -0.002257522813510488
600617 -0.0022636986305158077
002182 -0.0022944206622349545
600745 -0.0023004658567326967
002372 -0.0023013537522100554
002617 -0.002305713629736828
300297 -0.0023236918127472073
002004 -0.0023262444868849853
300556 -0.0023316991329024334
601388 -0.0023387244819125467
300031 -0.0023400326090608804
000892 -0.002341374820593118
300205 -0.0023457944607050887
603366 -0.00234654055643369
000423 -0.0023580417877230022
300271 -0.0023607928681540317
600773 -0.0023652722024786067
600998 -0.0023677168513699595
002356 -0.0023743784613316846
300308 -0.002374760410439514
600122 -0.00237518142441198
600676 -0.002379484904431491
002031 -0.00237968269394293
000928 -0.002382305767006482
000678 -0.0023836378280073737
002555 -0.0023913447959117437
603779 -0.0023982206666311404
300193 -0.0024013131924052345
000078 -0.0024013264252071877
600782 -0.002405043444734631
603936 -0.002405210199358748
000507 -0.0024175456025782287
600085 -0.0024194280908350456
601010 -0.0024509567720554255
000536 -0.002458994166057049
002171 -0.002463884347954441
600588 -0.002467653107456525
600141 -0.002468232214066597
002450 -0.0024757595363892205
002377 -0.0024760596635575935
300339 -0.0024798144359880463
002584 -0.0024807041626858633
600039 -0.0024859169754014934
600157 -0.002491625351261309
600009 -0.0024925634711799143
600489 -0.002500557197357584
000609 -0.0025169376314888147
300410 -0.002523754113115133
002605 -0.0025238830534540773
002341 -0.002529135488808903
000022 -0.0025324260521810797
600203 -0.002532792519702112
002355 -0.0025467315549357935
000059 -0.002552920177363302
601106 -0.002557282158195285
002689 -0.0025597682262811627
002262 -0.002564479900810545
600527 -0.002568915966755179
300450 -0.002573864001091653
002601 -0.00257943462591341
000576 -0.0025827941639920875
603566 -0.0025939421575717544
600971 -0.002594865680556075
600057 -0.002595904622596316
002283 -0.002603452039552521
600959 -0.002603548389672765
002391 -0.0026086662087468227
300023 -0.0026115433646567744
603633 -0.002619934414452584
002094 -0.0026234653371366694
002340 -0.0026265920305998704
002147 -0.002629134327457412
000897 -0.0026344505644509096
603128 -0.0026421173523275268
000546 -0.002645623845238123
300481 -0.0026518062931687814
603000 -0.002661057583308514
002140 -0.0026703808287934956
300130 -0.0026821689390863455
300111 -0.002703679459180595
603328 -0.002716879598574116
002131 -0.0027176405029821684
002029 -0.002718077435756706
600770 -0.00272170059600782
300240 -0.002721859113947919
600470 -0.002722431905319707
600379 -0.002722843342063611
300360 -0.002733523299742668
600325 -0.0027349133466068078
300269 -0.002744971997558583
000822 -0.002750447297107916
000425 -0.0027528979346763405
000948 -0.002755553984250458
600759 -0.0027578982887444415
600776 -0.002760171675464375
300287 -0.002781095042472122
600301 -0.002781297395704421
300362 -0.0027871935618842113
002838 -0.002792267895002363
000799 -0.002800349679612046
600824 -0.0028073600376223706
600736 -0.0028096049953190167
002666 -0.0028103610513237117
600330 -0.0028113152482491955
600861 -0.00282295647067643
002478 -0.0028369004904030652
002581 -0.002839948356303929
002602 -0.0028505614702901624
600810 -0.0028563237349167655
601117 -0.002856611504553821
002180 -0.002872185004597766
600444 -0.0028780408661607595
600704 -0.0028812838181729652
002476 -0.0028942106996164953
600726 -0.0028957579053226715
000541 -0.0028982013014979546
300173 -0.0029022067343103843
600536 -0.0029052553842973134
601567 -0.0029064731998974767
002519 -0.0029096327497899303
000985 -0.002925123080191482
600864 -0.0029415251385610155
002021 -0.0029431119315596836
002414 -0.002943520571992842
600422 -0.0029516841799990465
002279 -0.002955307521363696
000565 -0.0029561740469235317
600273 -0.002970618116348852
603816 -0.0029741926593850627
603300 -0.002994980170144013
002402 -0.003003522916776061
603100 -0.0030138326592484034
000590 -0.003015760543501853
600055 -0.0030206699345569684
300290 -0.00303082475560699
002626 -0.0030350884112899015
002187 -0.0030351993832406308
600096 -0.0030352544638052575
603123 -0.0030356540270690385
600893 -0.0030388334728656246
300046 -0.0030421333352554977
600491 -0.003044458689683226
300393 -0.0030509298566226938
000999 -0.0030629867209098337
300004 -0.003065118919509555
002511 -0.0030670075678625158
600543 -0.0030697834970012626
300236 -0.0030767551134251985
603198 -0.003077410599406709
600416 -0.0030851992780327377
300142 -0.003095615349604005
300468 -0.0031001020387080806
002160 -0.0031041379789847664
002243 -0.003114398099138065
000925 -0.0031281859785857787
600521 -0.0031311319018314295
000830 -0.0031450509564777355
000517 -0.003149159235472633
600721 -0.0031541842013320647
300043 -0.0031601516709831587
002196 -0.0031619504481245012
000732 -0.0031736242054343985
002242 -0.0031762641097277614
300453 -0.0031795503778747156
600593 -0.003199175069753467
300221 -0.003200951306749529
000729 -0.003215733503869665
300137 -0.003217118509064835
002393 -0.003227649046442035
002407 -0.0032296041374689274
002022 -0.003246490031446057
002007 -0.0032509188892026475
300115 -0.003271949815425255
300630 -0.003273627224979269
600808 -0.0032763890112928983
000901 -0.003277584568054397
601888 -0.003279303351365356
002676 -0.003280709515957615
600062 -0.003293157396033001
600792 -0.003303382247548675
000965 -0.0033038572807437662
300135 -0.003308375425177249
603306 -0.0033184948219727468
600731 -0.0033456604989198554
600570 -0.0033733900930618737
002275 -0.0033812013410054196
300213 -0.0033874232583809647
300613 -0.003397262247386767
600227 -0.0033979595478583332
603919 -0.0034051254265157344
600449 -0.003408325045568922
600309 -0.0034125908884016396
600717 -0.003432257342823871
300167 -0.0034334134218773488
000597 -0.0034376206528025123
000701 -0.003439582557860768
601375 -0.0034500327098444597
600207 -0.0034532424762015283
600283 -0.003457516461603179
002054 -0.0034710487198991447
002067 -0.003479210150709877
000422 -0.003482678172238596
601118 -0.0034878323972770096
002733 -0.0035086895974089007
603077 -0.0035130052075248892
300224 -0.003516803291933419
300001 -0.0035187194785506973
300449 -0.0035263280715063707
600882 -0.0035264698790413405
600323 -0.0035282165703950878
603036 -0.0035401837002280116
000902 -0.003540531531833053
600777 -0.003551840601828017
000681 -0.003556984766257751
000037 -0.003558172202321944
600068 -0.0035679784760527947
300257 -0.0035722882658680375
300418 -0.003574347669236158
601599 -0.00357542366885113
600018 -0.0035949139351936065
300126 -0.0036025555690879004
603833 -0.0036087503438820105
601208 -0.0036169498871259486
002027 -0.0036182979540013965
600089 -0.003622645439438873
000595 -0.0036331374339705087
002090 -0.0036437447561103713
002589 -0.003648795320509689
600683 -0.0036516260175816478
300229 -0.0036561556729159637
002193 -0.003664717028727617
000720 -0.0036793751137605326
002110 -0.003683826949140526
002063 -0.0036906280725406415
600258 -0.003691958827693384
002040 -0.0037021291236646204
002273 -0.0037029564687334846
600727 -0.0037068597179599986
600400 -0.0037170446383855485
002380 -0.0037395240882309427
002633 -0.003756287177964824
002229 -0.0037616467386790507
002432 -0.0037630964041057147
002737 -0.0037677577361924387
000790 -0.003771744439164181
600742 -0.003774688660644166
600022 -0.003778640556335075
300026 -0.003784527381158736
002299 -0.0037907318577510805
603116 -0.003797387291076827
002457 -0.0038142710507746095
300159 -0.00382236503078122
600210 -0.003832139876095946
002185 -0.003855747924735458
002064 -0.0038571294479899394
000802 -0.0038826131520873046
603339 -0.00388462837840752
300039 -0.003885155574080623
000521 -0.003885525840683906
000697 -0.003895077260370235
300010 -0.003902962766461208
600080 -0.003904145041252807
002146 -0.003911102359817689
002608 -0.00394161169177234
002738 -0.003952189242222395
600033 -0.003955140033724337
002575 -0.003969131157002943
000752 -0.003975067510975995
600779 -0.0039831945250583325
002681 -0.00398677143574711
002542 -0.004011886669417742
603727 -0.004020471627459797
002533 -0.00405331631264782
300199 -0.0040771492923445925
002568 -0.0040800902196865855
600201 -0.004085158290337532
600691 -0.004085615329144374
002125 -0.004118702955295428
002028 -0.0041270793606354855
002247 -0.00413253620960006
300583 -0.004132678153637383
300195 -0.004140353947593944
300331 -0.004141704347305635
000888 -0.004144964429129757
600252 -0.004150027056283546
603393 -0.004152705895351985
002169 -0.004164806627997978
002387 -0.004166181823490789
002436 -0.004171061775567377
002658 -0.0041787334313496205
002649 -0.0041822506666843225
002307 -0.004187547760786616
002077 -0.004199474972935291
300157 -0.004206973763540579
600282 -0.004231860409751665
002230 -0.004233477266331059
601880 -0.004263966686437174
600537 -0.004266587360452297
002743 -0.004266716784446912
000615 -0.004273381366953608
000687 -0.0042751334802639766
300016 -0.004278233995739459
002382 -0.004281153636675157
000988 -0.004290440576970885
002831 -0.0043023879605593816
600664 -0.004316547957094855
300422 -0.004320883689217564
000528 -0.004321987466841683
000612 -0.004323051214175718
300055 -0.004323679564673423
002217 -0.0043332512853709645
002368 -0.004333504625885942
000705 -0.004334923650212395
002709 -0.00434190865177701
600512 -0.004368517126907593
300180 -0.004373275510050413
002222 -0.004376143201078913
601100 -0.00437720173757474
600706 -0.004378651416342775
002039 -0.004393670437870504
002277 -0.00440984117706146
002302 -0.004409996454802325
000573 -0.004410301295472493
002790 -0.004414134135878627
300341 -0.0044271432507601086
600719 -0.004435711874334591
300017 -0.004436769698147181
002429 -0.004437627021729276
300007 -0.004443150901275653
000858 -0.0044481667877087705
002206 -0.0044848828320606
000809 -0.004486259678697634
000010 -0.004492112876378055
300533 -0.004499168782978553
600993 -0.004506620189941229
600401 -0.004510650980600632
002020 -0.00451574553655925
600546 -0.004519863645918797
002514 -0.004525380554181561
002080 -0.0045258550906064465
000676 -0.004529935774560517
300343 -0.004532047052319429
600315 -0.00453210582979926
300306 -0.00453482322742331
600599 -0.004534894831428967
000333 -0.0045472180622568815
300158 -0.004547686788656953
002595 -0.004556334802264143
002311 -0.004558781870989872
002636 -0.004564593096595791
600219 -0.004565883789430363
600238 -0.0045692826616536685
600183 -0.004576064608255414
002624 -0.004578101353701189
300061 -0.0045854431535442535
600266 -0.004596038528728131
300337 -0.00461093992003205
002792 -0.004613844181048097
600895 -0.004619118727157714
000069 -0.0046231897231528984
600980 -0.004630367416057364
000584 -0.004631569243056426
000089 -0.0046349177206308195
002385 -0.004641421579417134
000710 -0.0046432786988645
600896 -0.004648826683848568
600335 -0.004650408712002374
000848 -0.004664087899678166
002325 -0.004667322556426719
600419 -0.004681691095173095
300014 -0.004685713603951171
603996 -0.004696538248929991
002047 -0.004697130132002054
002343 -0.004714927312923906
000009 -0.004716657360601792
603005 -0.004729386530401955
300207 -0.004742581805153128
002240 -0.00474372926045637
600682 -0.004751575278002486
000937 -0.004766245783789501
000509 -0.004768886681859523
000035 -0.004770140636522594
603616 -0.004785812662232014
603688 -0.004791206638949471
300261 -0.004792904317995339
600366 -0.004836026477956181
300471 -0.004852458557383478
000651 -0.004856499836288202
600377 -0.0048590677916369954
603888 -0.00487441485462623
603222 -0.004880103628545948
000839 -0.0048942505940564015
000630 -0.004899354595711789
002544 -0.004903998641368551
002543 -0.004915684240618428
600812 -0.004917045535396845
603027 -0.004935111170580453
002068 -0.004943269798210954
000890 -0.004956765393004919
600166 -0.004965502026059152
001896 -0.0049944057706201184
300230 -0.004997170022139942
000598 -0.0050017564785574875
002048 -0.005008281780603292
600163 -0.0050121702001754715
300107 -0.005024989267155289
002604 -0.005032776861834983
600885 -0.0050329805134377275
000695 -0.005041759914433822
300147 -0.005044499487649146
600705 -0.005053862683065229
601799 -0.005057380866920748
000413 -0.005059915745094164
600285 -0.005093491442354079
002123 -0.0051104777639817585
002015 -0.0051220069471878136
601339 -0.005122108698502086
601688 -0.005125971103055198
600771 -0.005135272819175216
002102 -0.005145637164091322
002637 -0.005160897611651196
002256 -0.005162930275642264
603168 -0.005167869904923931
601111 -0.005172189218261444
002198 -0.005191482016494758
002745 -0.005199866061834807
300096 -0.005202156613109363
601566 -0.0052072804596085525
002620 -0.00521550351423424
600522 -0.00521919609052004
000973 -0.005229876522096634
002501 -0.005241975813309893
603988 -0.005261737275025878
300166 -0.00526466022961072
300260 -0.00527220868080905
600892 -0.005273867771148888
002154 -0.00528333408631588
600332 -0.005323449772629883
002194 -0.0053391135741891384
000529 -0.005344895907803604
002446 -0.0053459473179791
000737 -0.005346218960604651
002781 -0.005371289730607657
002149 -0.005387136922368521
002479 -0.0053907066797302654
002777 -0.005437800517538307
600320 -0.005439101669339236
300125 -0.005449244998875809
603868 -0.005455423712932887
600215 -0.005456983492914229
002083 -0.005472967477836743
300492 -0.005477405341583917
002512 -0.005479408080605658
600070 -0.005492667088397215
002298 -0.005496488085667453
002723 -0.00551179626117812
601021 -0.005515694821301497
002304 -0.0055164865607176174
601058 -0.0055207422932493245
002795 -0.005533414591030601
300342 -0.005539672541380778
600155 -0.005543054012286873
600017 -0.005548586594587155
603030 -0.005553785543538215
000028 -0.005559421099393047
603131 -0.005571987284209106
603729 -0.005587564283342112
600847 -0.005609497420201091
600898 -0.005626431621187535
600076 -0.005636787792472998
000661 -0.005642440595843495
000538 -0.00564359047956497
601333 -0.005645826357315227
601899 -0.005650951088786391
600781 -0.005671604815781015
002712 -0.005681787548401757
002138 -0.005683927951049482
002641 -0.005689040683454731
002779 -0.0056945971435480875
600393 -0.005704990448054436
603626 -0.005724725908523852
600196 -0.0057300136184730505
300448 -0.005730999957244727
600753 -0.005746271667837269
002691 -0.005752455861194636
300119 -0.005757581296761398
002210 -0.005762332212493667
600859 -0.005762949390178976
600749 -0.005780947524623813
600572 -0.005801971387253085
601137 -0.005813629158975686
002559 -0.005814645909069197
601996 -0.005817884050516692
000608 -0.0058307115658605205
300411 -0.005839653124393819
600410 -0.0058509382682133786
000823 -0.005877186177316975
300470 -0.005878660987236059
000151 -0.0058794740381042715
002832 -0.005881539621737977
002548 -0.005893224649024144
601801 -0.005900526674428338
300473 -0.0059768825585641856
600240 -0.0059771367000201175
000559 -0.005982556899265277
300282 -0.005997537600908013
000540 -0.00601876696106231
603368 -0.006026072952157579
600035 -0.006028209853431573
300274 -0.006040178084633354
002188 -0.006041230562364419
300172 -0.0060656885979713665
600820 -0.006081925187999535
002661 -0.006115767267012604
600540 -0.006120024517172711
002376 -0.006140321720764898
300604 -0.0061527400615860855
600383 -0.006157733808138811
002578 -0.006166844072184744
300457 -0.006221495947985304
002173 -0.006271571460631333
300319 -0.0062855606787888055
000800 -0.00628708297874035
300392 -0.006327667290848128
600242 -0.0063299785300063435
002494 -0.006341495219520751
300349 -0.006342833198351544
300523 -0.006347388276052473
000663 -0.006348197251692141
002765 -0.006352328232607786
300430 -0.006386269770385875
601718 -0.00639165986729399
600029 -0.006391832473198454
603019 -0.006401992187024811
300183 -0.006406202201660506
600129 -0.0064808942173555685
601008 -0.00648451311419183
300203 -0.006488435081058989
002742 -0.006522004222025294
300284 -0.006554472874004066
603799 -0.006564693911247562
600109 -0.006628342044725002
600190 -0.006634797069236328
600208 -0.00666942550547586
300289 -0.006677623179112997
000534 -0.006727435380827023
600246 -0.006753357585620694
600066 -0.006768310095927259
600175 -0.0067845915029685466
300164 -0.006818119749947041
600766 -0.006848833636462275
300040 -0.00686183689727825
002345 -0.006863917835840835
002289 -0.006876420436522973
002321 -0.006886708010973918
002702 -0.0068948664833467285
300383 -0.0069150083496275355
300496 -0.006931020361308115
002137 -0.00696243354791559
000952 -0.0069628040158540416
600172 -0.006997483306164872
601228 -0.0070255461219071585
600094 -0.0070381347455797955
601139 -0.007050158573664756
000623 -0.007063044682208365
600179 -0.007071075327254855
002477 -0.007082517316557931
600261 -0.007109285751313114
000570 -0.007204386784844556
000779 -0.007215466524516845
002497 -0.007241773412279688
600228 -0.007247801352002422
000785 -0.007281012907847736
002195 -0.007305483976683201
002506 -0.007306919348697247
600071 -0.007321220093171267
600969 -0.007332973808058732
002746 -0.007349702092463689
002059 -0.0073627327055730924
002259 -0.0073665723739333175
000513 -0.0073872021808209665
300281 -0.007397650924539962
600686 -0.007400883266514823
600703 -0.007429443823056056
002074 -0.007447707776739554
000401 -0.007452665852198495
000723 -0.0074737024030879316
300292 -0.007474810929986432
600702 -0.007513684516106241
300033 -0.007526730806497807
600293 -0.007549755211883119
300333 -0.0075594275487567576
300384 -0.007670800785734426
002239 -0.00771758513332702
000568 -0.007719645761840619
002223 -0.007758421519382639
603667 -0.00779069101199399
300262 -0.007818873085761855
601628 -0.007830984652371895
002530 -0.0078418071929018
000949 -0.007879440758225111
300388 -0.007882691568515237
002647 -0.007897455556619332
002389 -0.007904718765066909
600476 -0.007908607657093517
000002 -0.007969583296539027
603333 -0.007986558933521836
002281 -0.008004567114493506
002244 -0.008028155551793249
603020 -0.008057100072226644
600707 -0.008075070566928537
002485 -0.00811503736851148
300138 -0.008175431730967343
601929 -0.00819830538994153
000881 -0.008218573596085039
002592 -0.008255793737930232
300091 -0.008310345326690565
002352 -0.008362301158747221
002099 -0.008363832859626306
600606 -0.008383198920770753
600425 -0.008423322764311828
600926 -0.008488713715658664
002023 -0.00852568807740383
002686 -0.008530788460164524
000066 -0.008549555252588133
603003 -0.008558901140103511
000011 -0.008624410501985657
600623 -0.008627323331295315
600663 -0.008641030999557982
601998 -0.00866109846862361
300451 -0.008663371012285365
300444 -0.008679119679662381
000719 -0.008681773385658542
002773 -0.008683376763420321
000061 -0.008683427377177326
000409 -0.008683427377177326
000504 -0.008683427377177326
000533 -0.008683427377177326
000806 -0.008683427377177326
000931 -0.008683427377177326
000977 -0.008683427377177326
002030 -0.008683427377177326
002065 -0.008683427377177326
002085 -0.008683427377177326
002114 -0.008683427377177326
002284 -0.008683427377177326
002319 -0.008683427377177326
002415 -0.008683427377177326
002692 -0.008683427377177326
300041 -0.008683427377177326
300084 -0.008683427377177326
300116 -0.008683427377177326
300145 -0.008683427377177326
300191 -0.008683427377177326
300324 -0.008683427377177326
300335 -0.008683427377177326
300416 -0.008683427377177326
600000 -0.008683427377177326
600016 -0.008683427377177326
600028 -0.008683427377177326
600114 -0.008683427377177326
600292 -0.008683427377177326
600533 -0.008683427377177326
600555 -0.008683427377177326
600638 -0.008683427377177326
600740 -0.008683427377177326
600780 -0.008683427377177326
600871 -0.008683427377177326
600992 -0.008683427377177326
601001 -0.008683427377177326
601016 -0.008683427377177326
601199 -0.008683427377177326
601668 -0.008683427377177326
601808 -0.008683427377177326
603169 -0.008683427377177326
603686 -0.008683427377177326
603699 -0.008683427377177326
603885 -0.008683427377177326
603899 -0.008683427377177326
600137 -0.00868668070490471
600239 -0.008687590782994786
002797 -0.008688621059341591
000023 -0.008688834334227123
600372 -0.008688919327039071
600756 -0.008695679641557211
600853 -0.008710877051872826
600319 -0.008715153860696783
601225 -0.008724366020391651
300012 -0.00872892798476369
002142 -0.008759299419034762
300102 -0.008770857062414874
000166 -0.008816083953658882
002086 -0.008827275765815941
300227 -0.008829821112386733
300273 -0.008836401424738
000662 -0.008840873338769737
002435 -0.008850360866455383
601166 -0.008887101637127082
000157 -0.008889559149157384
002445 -0.00892439252446084
603444 -0.008927500276744627
600475 -0.008980778469150701
002350 -0.009006557800593229
300217 -0.009015366989893914
600767 -0.00902450770812819
600608 -0.009034474917535682
601939 -0.009060887421329078
601777 -0.009070287714300603
000698 -0.009073475122442163
002305 -0.009077631342941006
300476 -0.009208927967305635
002254 -0.009213339504264855
002643 -0.009235124056678331
600168 -0.009264907402702737
600478 -0.009265179895524056
600579 -0.009267898694302496
300256 -0.009333464932515991
000728 -0.009345562880228218
600388 -0.00934577138744461
000813 -0.009428597002482764
300498 -0.009428727505183435
600803 -0.00943456790013719
000572 -0.009473468209108512
603021 -0.00949220127367689
603006 -0.009540214757068158
000908 -0.009547087367616903
002772 -0.009562089895416997
600690 -0.00957019461778841
600550 -0.009579455159244361
300370 -0.009679241097370088
000600 -0.0096801016396262
300432 -0.009714494147503264
002294 -0.00972119422073535
002219 -0.009757015330576279
600583 -0.009758770905323327
603399 -0.00976961895970348
002663 -0.009781006582440415
300143 -0.009817093254057937
603429 -0.00985698254742907
000783 -0.009878198522639941
300238 -0.009878572721378676
000566 -0.009929027664977566
600067 -0.009960293678817076
300082 -0.009961132723545853
601155 -0.009968288810748216
603869 -0.00997504159345915
600497 -0.009975203219254275
300438 -0.009982131397848162
300263 -0.010019999164685935
601000 -0.01010432420775027
000402 -0.010112927336228329
600496 -0.010121752075381525
300568 -0.01013833222609581
300491 -0.01014939696014474
000990 -0.010172223253656146
601009 -0.010257480450900277
603968 -0.010257787626841633
601099 -0.010300699279614314
000961 -0.010350038044270683
600481 -0.010357251736175181
002034 -0.010387948099180082
300340 -0.010411517318412214
600552 -0.010521123612847256
300495 -0.010527100287623074
002656 -0.010564948843597783
600241 -0.010615952848026768
601216 -0.01061616120819851
601818 -0.010616538583206242
600976 -0.010667578854301137
603011 -0.01071675574997046
600874 -0.01085159406894672
300509 -0.010858082655569829
300118 -0.010874779846439534
600355 -0.010898179018850578
300344 -0.010920478419702723
002135 -0.010931883373954981
002232 -0.01102169381029447
600019 -0.01109057703994526
600600 -0.011100306256658522
000750 -0.011188799761576048
601788 -0.011261788781512565
002546 -0.011266000319719853
600202 -0.011338125268121465
002761 -0.011339287969944902
600970 -0.011406683093340652
000703 -0.011426017181993845
600415 -0.011431772166540814
300279 -0.011447415665341661
002679 -0.01144809303901318
000544 -0.01144858289075306
600520 -0.011461937590298043
002718 -0.011464855433248862
601328 -0.011520362077400323
000938 -0.011597903218901546
002359 -0.011647224430552591
002112 -0.011677322669432208
600754 -0.011680314573328117
002165 -0.01170953674854888
000518 -0.011716823897049838
600418 -0.011741038912011344
300366 -0.01176200189323107
002424 -0.011837277906800192
002236 -0.011863810401917634
000158 -0.011922716821663005
600769 -0.012217004466628085
600529 -0.012282035028377599
600870 -0.012296714331984265
300334 -0.012307373627497863
603958 -0.012309027604383143
601169 -0.012322070007082119
603998 -0.012334317190088154
600983 -0.01241794418592624
600963 -0.012454540843429333
601558 -0.0125551632974561
600660 -0.012591762244885393
000860 -0.012627956621771151
002383 -0.012698466233565284
600837 -0.012747589194399226
600061 -0.012771737307866859
600528 -0.012834749830341946
000875 -0.012851621284804243
300021 -0.012867610941466432
002846 -0.013025644957788053
002420 -0.01303600322421263
300072 -0.013039442634081274
600297 -0.013116599829484387
000793 -0.013120161645252777
002466 -0.013128323795105451
300628 -0.01315260447442179
600220 -0.013211520957347872
002410 -0.013227124584571051
002545 -0.013277068521353826
300038 -0.01330231562349144
002117 -0.013303356230725368
002375 -0.0133239761336638
300110 -0.013325039917824343
002390 -0.013446382606573696
002268 -0.013460583949275046
600999 -0.013517594526771563
000766 -0.013537052473817252
002433 -0.013577919821137083
600516 -0.013590525296753506
600539 -0.013592392753504417
603377 -0.013655686789668553
600716 -0.013678747275718196
300176 -0.013704512470451539
600143 -0.013713414222856449
002582 -0.013781855004127586
300531 -0.013802727667809354
002301 -0.013886522467114163
002616 -0.013958467830875773
300062 -0.01405710213611146
000778 -0.014137394165332058
002009 -0.014235496712558313
002739 -0.014279136040096643
002599 -0.014454826742403873
002392 -0.014484912855551122
300133 -0.014570792110355387
600908 -0.014609430990378014
002051 -0.014620335248308008
300146 -0.014629871688785144
002271 -0.014724017159462694
603050 -0.014754590327544306
002759 -0.014830282417220907
601901 -0.014845503097351968
000591 -0.0148872370258944
600507 -0.015211427948505218
002820 -0.015236424207364032
002261 -0.015236951529390757
600030 -0.015245180273058427
600641 -0.015318849535053341
000776 -0.015341914093386685
300188 -0.015398892895441963
603345 -0.015409656264973289
000895 -0.015468808260531505
300059 -0.015479421793599794
600580 -0.015491805795731593
600687 -0.015508787198498679
002148 -0.015536195413796748
600535 -0.015733985734282842
000852 -0.01590600377809456
002508 -0.01601299947022519
300144 -0.016174388768383313
600566 -0.016285742489265446
600791 -0.016418014212996376
002551 -0.016426295466959707
600658 -0.01654130745342215
002200 -0.016552952577951183
000606 -0.016554099085755565
600255 -0.016562916623886557
000709 -0.01657782613729738
603696 -0.016671601917479073
002342 -0.016693084981204673
600290 -0.016712351097146035
601992 -0.016788047965742944
600086 -0.01683171685831711
600267 -0.016849813494747026
601318 -0.01692021083901718
002460 -0.017053240448490978
600795 -0.017152240314369672
000796 -0.017219765670624845
600015 -0.017302163494155476
600291 -0.01730553811869067
600887 -0.017633862821393134
600790 -0.01766165059563697
300338 -0.017750942839905005
601601 -0.01777331654787026
600807 -0.017798902584203538
600036 -0.017802359901015766
600841 -0.01788696878220354
603939 -0.01799810097502151
601211 -0.01821743820049652
600751 -0.018255338695134335
002830 -0.018347055704514725
000001 -0.018372794880551855
000659 -0.018592734099267715
600426 -0.019167115168617146
601336 -0.019200815959290123
002431 -0.019264760215676094
002043 -0.01929371373202847
603126 -0.019461113590849143
600873 -0.019563811248955794
002570 -0.01959691169607253
300616 -0.019681228455943896
600176 -0.01998270403180121
002212 -0.020006108902206967
600247 -0.020114664907101246
000062 -0.020150669497192512
002109 -0.020562735327292962
300296 -0.02061522224058512
600008 -0.02076143005170316
002665 -0.020851483078005474
000958 -0.021155877150328805
002338 -0.02138508072615542
002335 -0.021451088897575757
300029 -0.021843058510839633
000725 -0.021921538716333715
002517 -0.021934449667843886
002680 -0.021965208608296184
600458 -0.022639440360714382
300294 -0.022719545653115923
002073 -0.023399903365027862
601258 -0.023684840967174603
600851 -0.02426788718801521
300266 -0.024999205760951687
002670 -0.025557807289436324
300054 -0.025582640281152938
000816 -0.02580820068619328
002159 -0.025873057123039098
002010 -0.02972333380808688
